0 0.375000 0.467014 0.158203 0.440972
0 0.056641 0.767361 0.103516 0.295139
0 0.094727 0.722222 0.134766 0.347222
0 0.157227 0.651042 0.134766 0.361111
0 0.526367 0.350694 0.156250 0.437500
0 0.484375 0.437500 0.103516 0.305556
0 0.284180 0.637153 0.121094 0.340278
0 0.607422 0.321181 0.093750 0.302083
0 0.910156 0.211806 0.171875 0.423611
0 0.855469 0.220486 0.154297 0.420139
0 0.340820 0.623264 0.052734 0.152778
0 0.243164 0.711806 0.056641 0.190972
0 0.589844 0.375000 0.058594 0.194444
0 0.656250 0.220486 0.171875 0.440972
0 0.757812 0.241319 0.167969 0.458333
0 0.212891 0.678819 0.060547 0.239583
