0 0.190957 0.556019 0.039362 0.087963
0 0.326330 0.468056 0.022872 0.050926
0 0.429255 0.428241 0.015957 0.036111
0 0.539096 0.392130 0.011170 0.025000
0 0.592819 0.375463 0.007979 0.019444
0 0.625798 0.364815 0.006915 0.016667
0 0.639628 0.360185 0.006915 0.016667
0 0.650798 0.356944 0.005851 0.013889
0 0.661968 0.353704 0.005851 0.012963
0 0.671011 0.350926 0.004787 0.011111
0 0.703191 0.349537 0.005319 0.012037
0 0.923670 0.347685 0.002660 0.012037
0 0.747074 0.576389 0.053723 0.108333
0 0.651596 0.469907 0.030851 0.060185
0 0.624734 0.424074 0.016489 0.040741
0 0.676596 0.389815 0.011702 0.027778
0 0.701064 0.373611 0.009574 0.021296
0 0.713564 0.362963 0.006915 0.018519
0 0.721011 0.357407 0.005851 0.016667
0 0.727128 0.354167 0.005319 0.015741
0 0.731915 0.350926 0.004255 0.012963
0 0.745745 0.350000 0.004255 0.014815
0 0.772074 0.349537 0.004787 0.012037
0 0.797872 0.350000 0.004255 0.012963
0 0.828457 0.349537 0.005851 0.013889
0 0.854521 0.350463 0.005851 0.015741
0 0.905851 0.350000 0.006383 0.016667
