0 0.785156 0.671486 0.153648 0.474917
0 0.726562 0.463931 0.098961 0.306708
0 0.024305 0.279514 0.048609 0.154708
0 0.081594 0.229361 0.034719 0.109958
0 0.118492 0.291861 0.059898 0.154708
0 0.173180 0.230125 0.035594 0.117667
0 0.244789 0.234764 0.026039 0.108417
0 0.223961 0.284917 0.043406 0.156250
0 0.319445 0.230125 0.036461 0.108417
0 0.272570 0.381361 0.059031 0.228778
0 0.246094 0.470097 0.087672 0.301306
0 0.196617 0.602042 0.141492 0.401625
0 0.405383 0.231681 0.046875 0.114583
0 0.488281 0.243250 0.039062 0.131556
0 0.543406 0.271028 0.045141 0.150083
0 0.577688 0.311917 0.075523 0.185569
0 0.633680 0.360528 0.078125 0.227236
