0 0.431383 0.421759 0.014894 0.034259
0 0.363298 0.493981 0.030851 0.067593
0 0.453989 0.397685 0.009043 0.023148
0 0.465957 0.383796 0.006383 0.017593
0 0.472074 0.375463 0.004787 0.015741
0 0.477394 0.370370 0.003723 0.012963
0 0.481117 0.366667 0.003723 0.012963
0 0.720745 0.489815 0.031915 0.066667
0 0.579521 0.397222 0.010106 0.024074
0 0.617553 0.420833 0.013830 0.034259
0 0.560638 0.384259 0.008511 0.018519
0 0.548936 0.376852 0.006383 0.014815
0 0.540691 0.371296 0.004787 0.012963
0 0.536170 0.367593 0.003191 0.009259
0 0.531383 0.365278 0.003191 0.010185
