0 0.617287 0.423148 0.009043 0.020370
0 0.798138 0.542130 0.033511 0.073148
0 0.209043 0.496296 0.022340 0.050000
0 0.827128 0.406481 0.010638 0.020370
0 0.433777 0.468056 0.015426 0.039815
0 0.362500 0.423148 0.007979 0.022222
0 0.709840 0.414815 0.007979 0.020370
0 0.436170 0.428704 0.009574 0.022222
0 0.491755 0.450463 0.010106 0.034259
0 0.872340 0.413889 0.011702 0.022222
0 0.710372 0.465741 0.018617 0.040741
0 0.296543 0.411574 0.007979 0.017593
0 0.703191 0.427778 0.009574 0.024074
0 0.367287 0.538889 0.033511 0.075926
0 0.917819 0.489815 0.014362 0.053704
0 0.416489 0.416204 0.009574 0.019444
0 0.174202 0.409259 0.005851 0.018519
0 0.500266 0.422685 0.007979 0.023148
0 0.641755 0.449537 0.012234 0.030556
0 0.775532 0.420370 0.010638 0.027778
0 0.136968 0.763426 0.096277 0.189815
0 0.598404 0.418519 0.006383 0.018519
0 0.591755 0.411111 0.005851 0.018519
0 0.585106 0.402778 0.005319 0.016667
0 0.576330 0.396296 0.004787 0.012963
0 0.569681 0.393519 0.004255 0.012963
0 0.554787 0.394444 0.004255 0.014815
0 0.537500 0.394907 0.004787 0.013889
0 0.521011 0.394444 0.005851 0.012963
0 0.480851 0.444907 0.017021 0.054630
0 0.493351 0.437963 0.016489 0.051852
0 0.640426 0.437963 0.012766 0.057407
0 0.655851 0.445370 0.018085 0.053704
