0 0.585337 0.730769 0.038462 0.075721
0 0.293269 0.637019 0.025240 0.054087
0 0.335337 0.647837 0.020433 0.054087
0 0.370192 0.631010 0.013221 0.051683
0 0.662260 0.567308 0.016827 0.033654
0 0.807692 0.631010 0.026442 0.046875
0 0.992788 0.723558 0.013221 0.048077
0 0.272837 0.631010 0.028846 0.055288
0 0.313702 0.641827 0.028846 0.055288
0 0.355769 0.651442 0.028846 0.058894
0 0.328125 0.621394 0.015625 0.048077
0 0.602163 0.721154 0.016827 0.068510
0 0.615385 0.745192 0.040865 0.074519
0 0.722356 0.544471 0.014423 0.028846
