0 0.450035 0.426087 0.026811 0.095652
0 0.300836 0.303261 0.019499 0.093478
0 0.283252 0.291848 0.015669 0.083696
0 0.288997 0.313587 0.013231 0.055435
0 0.223015 0.267935 0.010097 0.040217
0 0.187500 0.242391 0.008008 0.030435
0 0.162604 0.225543 0.005571 0.025000
0 0.146588 0.214130 0.005571 0.021739
0 0.117862 0.193478 0.003830 0.015217
0 0.111769 0.189130 0.003482 0.015217
0 0.107416 0.185870 0.003134 0.013043
0 0.133705 0.205435 0.004178 0.019565
0 0.125000 0.198913 0.004178 0.017391
0 0.099756 0.180978 0.003134 0.011957
0 0.102890 0.183696 0.003134 0.010870
0 0.097145 0.178261 0.002089 0.010870
0 0.094185 0.177174 0.002437 0.010870
0 0.091922 0.175000 0.002089 0.010870
