0 0.077660 0.411574 0.006383 0.019444
0 0.088564 0.415741 0.007979 0.020370
0 0.902128 0.416204 0.021277 0.021296
0 0.822606 0.406944 0.017553 0.017593
0 0.706117 0.400463 0.010106 0.012037
0 0.595213 0.397685 0.009574 0.010185
0 0.524734 0.395370 0.009043 0.009259
0 0.845213 0.381019 0.006383 0.015741
0 0.755851 0.381019 0.004255 0.012037
0 0.698936 0.381019 0.005319 0.012037
0 0.078989 0.443056 0.009043 0.032407
0 0.128989 0.400926 0.007979 0.016667
0 0.152128 0.401389 0.007447 0.017593
0 0.161968 0.423148 0.010106 0.025926
0 0.176064 0.403241 0.008511 0.017593
0 0.200798 0.406944 0.006915 0.017593
0 0.205319 0.413426 0.009574 0.021296
0 0.306649 0.523611 0.030319 0.069444
0 0.698404 0.593056 0.055319 0.113889
0 0.294415 0.403704 0.017553 0.018519
