0 0.839775 0.557552 0.038138 0.250038
0 0.804087 0.532655 0.051175 0.220320
0 0.765888 0.511733 0.036325 0.195198
0 0.749775 0.490395 0.037437 0.162561
0 0.735888 0.478041 0.031887 0.157947
0 0.712838 0.473013 0.024675 0.151262
0 0.696462 0.469040 0.013650 0.113183
0 0.682850 0.453352 0.020238 0.098531
0 0.155575 0.564030 0.042638 0.232881
0 0.205150 0.542900 0.035150 0.203992
0 0.248200 0.524708 0.032387 0.177627
0 0.279587 0.503559 0.030738 0.165499
0 0.305275 0.493522 0.037687 0.152109
0 0.329300 0.484746 0.025750 0.144557
0 0.357600 0.468832 0.021037 0.109416
0 0.370400 0.465480 0.021313 0.116102
