0 0.658654 0.632212 0.009615 0.026442
0 0.671875 0.621394 0.009615 0.024038
0 0.538462 0.610577 0.009615 0.021635
0 0.418269 0.604567 0.007212 0.019231
0 0.399038 0.604567 0.006010 0.019231
0 0.381010 0.602163 0.007212 0.020433
0 0.664663 0.580529 0.006010 0.014423
0 0.656250 0.578125 0.004808 0.013221
0 0.682692 0.578125 0.006010 0.013221
0 0.703125 0.578125 0.006010 0.014423
0 0.750000 0.578125 0.007212 0.013221
0 0.802885 0.578125 0.004808 0.014423
0 0.527644 0.612981 0.007212 0.020433
0 0.526442 0.594952 0.007212 0.014423
0 0.611779 0.602163 0.007212 0.019231
0 0.585337 0.591346 0.007212 0.018029
0 0.570913 0.582933 0.003606 0.015625
0 0.550481 0.575721 0.003606 0.015625
0 0.432692 0.587740 0.007212 0.015625
0 0.408654 0.604567 0.007212 0.020433
0 0.390625 0.603365 0.009615 0.021635
0 0.723558 0.592548 0.007212 0.018029
0 0.707933 0.591346 0.007212 0.014423
