0 0.131649 0.549537 0.039894 0.095370
0 0.097872 0.479630 0.027660 0.061111
0 0.142287 0.387963 0.009043 0.014815
0 0.253989 0.384259 0.007979 0.012963
0 0.392819 0.379630 0.006915 0.012963
0 0.540957 0.380093 0.006383 0.012037
0 0.796809 0.403241 0.007447 0.021296
0 0.567021 0.486111 0.032979 0.070370
0 0.360904 0.419907 0.016489 0.036111
0 0.221809 0.417593 0.015957 0.035185
0 0.434043 0.435648 0.017021 0.043519
0 0.790957 0.402778 0.008511 0.022222
0 0.722606 0.369444 0.003723 0.012963
0 0.763032 0.371296 0.003723 0.016667
0 0.784309 0.375463 0.004787 0.012037
0 0.806117 0.370370 0.003723 0.009259
0 0.842553 0.372222 0.004255 0.011111
0 0.871543 0.375000 0.004787 0.012963
0 0.890691 0.377315 0.003723 0.013889
0 0.905053 0.381481 0.004787 0.014815
0 0.919415 0.387037 0.005851 0.014815
