0 0.197772 0.403261 0.023677 0.093478
0 0.163649 0.206522 0.004178 0.015217
0 0.501915 0.248370 0.004526 0.018478
0 0.056058 0.211957 0.004875 0.021739
0 0.057103 0.348913 0.016017 0.080435
0 0.392758 0.233696 0.004178 0.017391
0 0.673747 0.259783 0.002786 0.013043
0 0.587744 0.256522 0.004178 0.017391
0 0.286560 0.216848 0.004178 0.016304
0 0.361595 0.508696 0.035167 0.139130
0 0.407033 0.229348 0.003482 0.015217
0 0.849408 0.291304 0.003830 0.015217
0 0.516365 0.244565 0.004178 0.015217
0 0.772110 0.274457 0.003134 0.014130
0 0.552228 0.253261 0.004178 0.015217
0 0.631267 0.256522 0.003482 0.015217
0 0.077298 0.198913 0.004178 0.019565
0 0.805884 0.281522 0.002437 0.013043
0 0.313893 0.216848 0.003830 0.014130
0 0.201602 0.204891 0.004178 0.016304
0 0.893976 0.304348 0.003830 0.017391
0 0.704039 0.264130 0.002786 0.013043
0 0.488510 0.241848 0.003482 0.016304
0 0.087570 0.202717 0.005223 0.018478
0 0.326079 0.222283 0.003830 0.016304
0 0.256616 0.213587 0.004178 0.016304
0 0.948120 0.315217 0.004178 0.019565
0 0.140320 0.201630 0.004178 0.016304
0 0.612813 0.256522 0.002786 0.015217
0 0.204735 0.207609 0.004178 0.017391
0 0.642409 0.253261 0.003482 0.010870
0 0.261142 0.210326 0.004178 0.014130
0 0.456650 0.237500 0.003830 0.016304
0 0.362465 0.228261 0.004178 0.017391
0 0.933670 0.305978 0.003830 0.016304
0 0.555710 0.246739 0.003482 0.015217
0 0.688022 0.259239 0.002786 0.011957
0 0.604631 0.249457 0.003134 0.011957
0 0.060063 0.203804 0.005223 0.020652
0 0.648329 0.256522 0.002786 0.013043
0 0.432799 0.234239 0.003482 0.016304
0 0.124652 0.203804 0.004178 0.018478
0 0.833391 0.282609 0.003134 0.013043
0 0.866992 0.296739 0.004178 0.017391
0 0.785167 0.274457 0.002786 0.011957
0 0.917131 0.302174 0.003482 0.015217
0 0.881093 0.292935 0.003134 0.014130
0 0.737813 0.269565 0.002786 0.013043
0 0.804840 0.784239 0.026811 0.120652
0 0.073990 0.225000 0.006616 0.028261
0 0.835132 0.286957 0.003134 0.015217
0 0.429840 0.238587 0.003830 0.018478
0 0.364032 0.222826 0.003134 0.015217
0 0.735202 0.265217 0.002437 0.013043
0 0.078169 0.218478 0.005919 0.026087
0 0.576253 0.247826 0.003482 0.015217
0 0.539345 0.247283 0.003482 0.016304
