0 0.081117 0.382870 0.013298 0.028704
0 0.094681 0.399537 0.014894 0.034259
0 0.200266 0.402315 0.016489 0.036111
0 0.261436 0.426389 0.017553 0.041667
0 0.284309 0.483333 0.029255 0.066667
0 0.227394 0.361111 0.009043 0.011111
0 0.269149 0.363426 0.009574 0.010185
0 0.311170 0.366667 0.010638 0.011111
0 0.401596 0.373611 0.010638 0.013889
0 0.488564 0.387963 0.012234 0.014815
0 0.238298 0.383796 0.011702 0.026852
0 0.371543 0.396296 0.011170 0.027778
0 0.467819 0.417593 0.015426 0.035185
0 0.565691 0.450000 0.022872 0.048148
0 0.650532 0.519444 0.035106 0.079630
