0 0.325035 0.631873 0.047702 0.068729
0 0.347319 0.512027 0.009401 0.014605
0 0.431407 0.550902 0.021588 0.031357
0 0.469359 0.523625 0.012535 0.019759
0 0.494429 0.506229 0.006964 0.011598
0 0.490773 0.500859 0.005919 0.009450
0 0.507660 0.496993 0.004875 0.008591
0 0.536908 0.495275 0.004178 0.007732
0 0.546483 0.509235 0.008008 0.013316
0 0.593663 0.494845 0.004178 0.006873
0 0.656685 0.506873 0.006964 0.012027
0 0.659297 0.526203 0.012883 0.020619
0 0.641539 0.494631 0.003830 0.006443
0 0.678969 0.495919 0.004178 0.007302
0 0.707869 0.497637 0.004178 0.008162
0 0.739554 0.499570 0.005571 0.008591
0 0.833565 0.508376 0.007660 0.012457
0 0.832521 0.521478 0.011142 0.017182
0 0.849582 0.533935 0.016713 0.023196
0 0.709088 0.555627 0.021936 0.033076
0 0.541435 0.567225 0.027159 0.039089
0 0.601845 0.517397 0.010794 0.016753
0 0.340007 0.586770 0.033078 0.048110
0 0.350279 0.506658 0.006964 0.012457
0 0.450035 0.612543 0.040738 0.059278
0 0.439241 0.533076 0.014276 0.024055
0 0.431407 0.502148 0.006964 0.011168
0 0.550836 0.500000 0.006267 0.010309
0 0.564763 0.510739 0.008357 0.014605
0 0.661386 0.503866 0.007312 0.011168
0 0.750696 0.506658 0.009053 0.012457
0 0.793872 0.510095 0.009749 0.014175
0 0.313893 0.548325 0.021936 0.029639
0 0.311107 0.522552 0.012187 0.018471
0 0.411734 0.512242 0.008705 0.014175
0 0.431929 0.504510 0.006616 0.010739
0 0.530815 0.501289 0.005919 0.010309
0 0.602716 0.501074 0.005571 0.009880
0 0.635446 0.510095 0.009053 0.014175
0 0.669046 0.517397 0.011490 0.016753
0 0.750522 0.682131 0.056755 0.089347
0 0.756093 0.597938 0.033078 0.049828
0 0.699687 0.548325 0.019150 0.029639
0 0.567375 0.530498 0.013579 0.021478
