0 0.426330 0.558108 0.004787 0.010811
0 0.434840 0.558784 0.004787 0.009459
0 0.431383 0.561149 0.005319 0.010135
0 0.427660 0.564527 0.006383 0.011486
0 0.421011 0.567905 0.006915 0.014189
0 0.413830 0.573649 0.008511 0.016216
0 0.405851 0.581081 0.010638 0.020270
0 0.390957 0.591554 0.013830 0.025000
0 0.361170 0.611824 0.019149 0.033108
0 0.302926 0.652703 0.033511 0.050000
0 0.121543 0.783784 0.082447 0.118919
0 0.141755 0.576014 0.007979 0.011486
0 0.129787 0.577703 0.008511 0.013514
0 0.162234 0.578378 0.008511 0.014865
0 0.174468 0.572635 0.005319 0.011486
0 0.185638 0.585473 0.010638 0.018243
0 0.201596 0.579392 0.008511 0.015541
0 0.251862 0.567230 0.005851 0.010135
0 0.322340 0.562162 0.005319 0.009459
0 0.382713 0.559459 0.005851 0.009459
0 0.405053 0.558108 0.004787 0.008108
0 0.864096 0.767568 0.063298 0.113514
0 0.678457 0.646959 0.033511 0.050676
0 0.603989 0.608446 0.022872 0.034459
0 0.569681 0.589865 0.015957 0.024324
0 0.551330 0.578041 0.012234 0.019595
0 0.533245 0.571284 0.010106 0.015541
0 0.523936 0.566216 0.007447 0.013514
0 0.519149 0.562500 0.005319 0.011486
0 0.514894 0.559797 0.004255 0.010135
0 0.510638 0.557770 0.004255 0.008784
0 0.501330 0.556419 0.003723 0.008784
0 0.472606 0.555405 0.003723 0.008108
0 0.446543 0.556081 0.003723 0.006757
0 0.083245 0.577365 0.006915 0.012838
0 0.140426 0.571959 0.005319 0.010135
0 0.217553 0.568243 0.005319 0.010811
0 0.286170 0.563851 0.005319 0.008784
0 0.345479 0.560473 0.004787 0.008784
0 0.374202 0.558446 0.004787 0.008784
0 0.409043 0.557095 0.004255 0.007432
