0 0.111421 0.514390 0.016017 0.021048
0 0.258531 0.496993 0.007312 0.010309
0 0.304666 0.519545 0.012535 0.019330
0 0.331999 0.501289 0.007312 0.011168
0 0.378134 0.498497 0.006267 0.009880
0 0.391539 0.512887 0.010097 0.015464
0 0.520021 0.500000 0.004526 0.008591
0 0.517061 0.512242 0.006964 0.013316
0 0.512535 0.521263 0.011142 0.017612
0 0.552925 0.503651 0.005571 0.009880
0 0.582521 0.512887 0.007660 0.012887
0 0.608113 0.508376 0.006616 0.010739
0 0.636490 0.515893 0.008357 0.013746
0 0.689937 0.530928 0.011490 0.018900
0 0.696553 0.563574 0.023329 0.032646
0 0.562326 0.533290 0.013928 0.021907
0 0.355850 0.583119 0.032033 0.047680
0 0.078517 0.678694 0.059540 0.097079
0 0.063719 0.559493 0.029944 0.041667
0 0.142061 0.535438 0.024373 0.029639
0 0.258008 0.505369 0.010446 0.014175
0 0.419916 0.501289 0.006964 0.011168
0 0.430188 0.506229 0.008008 0.013316
0 0.442201 0.498711 0.005571 0.009450
0 0.467444 0.497637 0.005223 0.009021
0 0.576776 0.501503 0.005223 0.008162
0 0.592967 0.509235 0.007660 0.011598
0 0.607242 0.505155 0.005571 0.009450
0 0.628308 0.511383 0.007312 0.011598
0 0.672354 0.522981 0.009749 0.015893
0 0.640843 0.555198 0.021936 0.030498
0 0.476149 0.528565 0.014972 0.021907
0 0.487813 0.549828 0.022284 0.030928
0 0.518106 0.503007 0.004875 0.009450
0 0.514624 0.513101 0.006964 0.014175
0 0.523851 0.508591 0.006616 0.012027
0 0.541957 0.506443 0.006616 0.010309
0 0.558148 0.500000 0.004875 0.007732
0 0.589311 0.523840 0.010097 0.016753
0 0.614206 0.506229 0.005571 0.009880
0 0.690808 0.517182 0.008357 0.013746
0 0.837570 0.534364 0.010794 0.017182
0 0.899721 0.555412 0.018802 0.025773
