0 0.518883 0.632770 0.029255 0.047973
0 0.259574 0.700000 0.056383 0.079730
0 0.870745 0.626351 0.021277 0.031081
0 0.696011 0.623649 0.023936 0.036486
0 0.508245 0.569932 0.011170 0.019595
0 0.410106 0.558108 0.009574 0.017568
0 0.876862 0.601014 0.013298 0.020946
0 0.824734 0.565541 0.005851 0.009459
0 0.704521 0.592568 0.013298 0.018919
0 0.368617 0.551351 0.008511 0.017568
0 0.653989 0.574662 0.010106 0.016892
0 0.611968 0.570608 0.009043 0.016892
0 0.798670 0.578041 0.009043 0.015541
0 0.557181 0.564527 0.007979 0.014189
0 0.706383 0.578716 0.010638 0.018243
0 0.490957 0.554054 0.005319 0.010811
0 0.523670 0.560135 0.010106 0.014865
0 0.890426 0.578716 0.009574 0.015541
0 0.898138 0.573649 0.005851 0.010811
0 0.807713 0.565203 0.005851 0.011486
0 0.481383 0.552027 0.006383 0.012162
0 0.471277 0.548649 0.006383 0.010811
0 0.462500 0.547297 0.006915 0.012162
0 0.452926 0.543581 0.005851 0.011486
