0 0.113684 0.514390 0.010097 0.015034
0 0.175836 0.560782 0.017409 0.034794
0 0.193071 0.520189 0.008008 0.016323
0 0.313370 0.546392 0.016713 0.027491
0 0.317897 0.527921 0.009749 0.018900
0 0.434714 0.547680 0.018454 0.026632
0 0.291435 0.639820 0.043872 0.069158
0 0.737987 0.598153 0.033078 0.046821
0 0.808148 0.765249 0.088440 0.130155
0 0.213788 0.511168 0.009053 0.013746
0 0.282904 0.518041 0.010097 0.015464
0 0.297180 0.532646 0.014276 0.021478
0 0.369603 0.532861 0.013579 0.021907
0 0.576602 0.567440 0.021588 0.034364
0 0.122737 0.521692 0.014276 0.018471
0 0.186107 0.568514 0.029596 0.038230
0 0.166783 0.541667 0.020195 0.025773
0 0.188719 0.530713 0.015320 0.021907
0 0.179318 0.510095 0.009053 0.013316
0 0.302751 0.520189 0.008008 0.015464
0 0.516017 0.543385 0.016017 0.024055
0 0.477368 0.602448 0.029944 0.048540
0 0.851671 0.565722 0.022284 0.030069
