0 0.135526 0.311083 0.150682 0.355713
0 0.245755 0.289231 0.107255 0.315093
0 0.321557 0.265833 0.088719 0.283731
0 0.370021 0.208750 0.051964 0.206602
0 0.411542 0.169157 0.029099 0.158269
0 0.446109 0.203102 0.065255 0.182944
0 0.565161 0.243213 0.093286 0.232306
0 0.624906 0.225731 0.054792 0.197343
0 0.648344 0.293611 0.080828 0.277546
0 0.704755 0.333722 0.128839 0.320731
0 0.753078 0.190759 0.040297 0.158269
0 0.782297 0.181500 0.050125 0.164444
0 0.839865 0.370231 0.144427 0.362889
0 0.949797 0.454065 0.100406 0.376231
