0 0.747872 0.462037 0.020213 0.046296
0 0.755053 0.401389 0.010106 0.025000
0 0.817287 0.419907 0.013298 0.030556
0 0.826330 0.438889 0.016489 0.037037
0 0.660904 0.387500 0.009043 0.021296
0 0.571809 0.380093 0.007447 0.019444
0 0.521543 0.477778 0.025000 0.055556
0 0.189894 0.468519 0.025532 0.055556
0 0.121011 0.388889 0.010106 0.024074
0 0.210638 0.382870 0.008511 0.021296
0 0.299734 0.378241 0.007979 0.019444
0 0.398404 0.376852 0.007447 0.018519
0 0.496543 0.376852 0.006915 0.018519
0 0.864362 0.398611 0.011702 0.025000
0 0.725532 0.381481 0.009574 0.020370
0 0.607713 0.373611 0.006915 0.015741
0 0.134574 0.377778 0.009574 0.022222
0 0.266489 0.372222 0.008511 0.018519
0 0.394149 0.368519 0.007447 0.016667
0 0.513032 0.369444 0.006915 0.016667
0 0.688298 0.452778 0.028723 0.079630
0 0.784309 0.442130 0.029255 0.071296
