0 0.208245 0.474074 0.021809 0.053704
0 0.225532 0.536574 0.041489 0.082407
0 0.245213 0.401852 0.009574 0.022222
0 0.130053 0.728241 0.094149 0.184259
0 0.150532 0.411111 0.012766 0.029630
0 0.104255 0.449074 0.017021 0.044444
0 0.325266 0.395833 0.007979 0.021296
0 0.412234 0.391667 0.007447 0.018519
0 0.585106 0.388889 0.004255 0.011111
0 0.545213 0.388889 0.005319 0.012963
0 0.079787 0.425000 0.010638 0.037037
0 0.638298 0.387500 0.005319 0.013889
0 0.494149 0.389352 0.006383 0.015741
0 0.681117 0.387500 0.004787 0.010185
0 0.732979 0.501389 0.029787 0.065741
0 0.460106 0.447685 0.018085 0.041667
0 0.272340 0.421296 0.015957 0.033333
0 0.585638 0.466204 0.023404 0.049074
0 0.353191 0.405093 0.009574 0.021296
0 0.619415 0.393056 0.006915 0.015741
0 0.302660 0.412037 0.012766 0.027778
0 0.333511 0.434259 0.015957 0.035185
0 0.662234 0.392130 0.006383 0.013889
0 0.421543 0.398148 0.009043 0.020370
0 0.498404 0.395833 0.009574 0.019444
0 0.894415 0.400000 0.005851 0.014815
0 0.565691 0.393981 0.006915 0.015741
0 0.726064 0.392130 0.005319 0.013889
0 0.701596 0.393981 0.005319 0.012037
0 0.750000 0.392593 0.005319 0.012963
0 0.862500 0.395370 0.005851 0.012963
