0 0.754352 0.448913 0.032382 0.108696
0 0.325209 0.624457 0.052925 0.190217
0 0.111421 0.253261 0.002089 0.010870
0 0.071727 0.252717 0.002089 0.009783
0 0.057625 0.255978 0.002437 0.011957
0 0.161734 0.256522 0.002437 0.013043
0 0.149547 0.249457 0.002437 0.011957
0 0.092096 0.263587 0.003134 0.014130
0 0.168524 0.232609 0.001393 0.008696
0 0.189415 0.236413 0.002089 0.007609
0 0.091052 0.241304 0.002437 0.010870
0 0.178795 0.247826 0.002437 0.010870
0 0.121170 0.251630 0.002089 0.009783
0 0.571031 0.223370 0.002089 0.009783
0 0.606894 0.218478 0.001393 0.008696
0 0.066156 0.239674 0.001393 0.007609
0 0.107765 0.236957 0.001741 0.006522
0 0.158948 0.238043 0.001741 0.006522
0 0.063545 0.242391 0.001741 0.008696
0 0.602542 0.217935 0.001741 0.007609
0 0.590007 0.219022 0.001741 0.009783
0 0.147632 0.248913 0.001393 0.008696
0 0.130919 0.238043 0.002089 0.008696
0 0.133357 0.234239 0.002089 0.009783
0 0.180362 0.245652 0.002089 0.010870
0 0.763057 0.221196 0.003830 0.018478
0 0.749826 0.219022 0.003134 0.020652
