0 0.165571 0.661829 0.208799 0.555811
0 0.522657 0.653274 0.207283 0.550472
0 0.893228 0.639322 0.213543 0.550265
0 0.962126 0.431947 0.075748 0.344159
0 0.746181 0.385369 0.133051 0.310914
0 0.647283 0.438260 0.138563 0.353953
0 0.385098 0.442891 0.135059 0.356136
0 0.573740 0.337876 0.102067 0.277021
0 0.450276 0.312802 0.090551 0.260944
0 0.320413 0.283569 0.099528 0.242979
0 0.096378 0.451445 0.091614 0.355605
0 0.050531 0.242419 0.095945 0.217021
0 0.182618 0.262153 0.100039 0.223392
0 0.079744 0.125516 0.047264 0.142537
0 0.150354 0.127906 0.047402 0.142891
0 0.238425 0.133304 0.060354 0.141003
0 0.312382 0.136873 0.056122 0.138968
0 0.388524 0.138201 0.058780 0.142655
0 0.473386 0.140885 0.055984 0.141121
0 0.566240 0.143894 0.058917 0.145310
0 0.651161 0.145457 0.058740 0.144690
0 0.751181 0.148761 0.056476 0.147021
0 0.847657 0.152448 0.059016 0.144749
0 0.951693 0.151652 0.062244 0.150177
