0 0.778191 0.546284 0.011702 0.019595
0 0.503191 0.537500 0.010638 0.016892
0 0.378191 0.533446 0.009574 0.015541
0 0.860638 0.550000 0.012766 0.021622
0 0.669149 0.542905 0.009574 0.018243
0 0.270479 0.530405 0.007979 0.014865
0 0.178723 0.529392 0.007447 0.014189
0 0.094415 0.686149 0.039894 0.073649
0 0.082713 0.612838 0.016489 0.051351
0 0.560106 0.612500 0.032979 0.043919
0 0.810904 0.697635 0.062234 0.076351
0 0.352926 0.571959 0.023936 0.033108
0 0.244681 0.532432 0.008511 0.016216
0 0.459043 0.539189 0.010638 0.016216
0 0.653457 0.547973 0.011170 0.018919
0 0.795213 0.558784 0.013830 0.022973
0 0.185904 0.549662 0.014362 0.026351
0 0.129521 0.532770 0.010106 0.018243
0 0.344947 0.536149 0.010106 0.015541
