0 0.065460 0.310870 0.017409 0.065217
0 0.425487 0.374457 0.013928 0.064130
0 0.066504 0.356522 0.021588 0.084783
0 0.273503 0.292935 0.009401 0.042391
0 0.925662 0.404348 0.008705 0.034783
0 0.940460 0.388043 0.006267 0.026087
0 0.134923 0.248913 0.008008 0.034783
0 0.197075 0.266848 0.009053 0.038043
0 0.920439 0.389674 0.006616 0.029348
0 0.360724 0.233152 0.002786 0.011957
0 0.483809 0.439674 0.019847 0.088043
0 0.062152 0.234239 0.008705 0.033696
0 0.459610 0.248913 0.002089 0.010870
0 0.305536 0.224457 0.003134 0.011957
0 0.061281 0.182609 0.003482 0.013043
0 0.558148 0.267935 0.002786 0.011957
0 0.690634 0.304348 0.003134 0.015217
0 0.343489 0.325000 0.011490 0.050000
0 0.575383 0.272283 0.003134 0.011957
0 0.227194 0.213043 0.003134 0.015217
0 0.404074 0.241848 0.002437 0.011957
0 0.171483 0.201087 0.003134 0.013043
0 0.312500 0.228804 0.003134 0.014130
0 0.807103 0.328804 0.003482 0.014130
0 0.627786 0.289130 0.002786 0.013043
0 0.924965 0.354348 0.003134 0.013043
0 0.438370 0.245652 0.002786 0.010870
0 0.327646 0.228261 0.002786 0.013043
0 0.658948 0.296196 0.002437 0.014130
0 0.770891 0.321739 0.003482 0.015217
0 0.240077 0.211957 0.003134 0.013043
0 0.280118 0.219565 0.003134 0.013043
0 0.352019 0.235326 0.002786 0.011957
0 0.760620 0.316848 0.003134 0.014130
0 0.484331 0.253261 0.002089 0.010870
0 0.599234 0.281522 0.003482 0.013043
0 0.705258 0.303804 0.003134 0.014130
0 0.788301 0.322826 0.003482 0.013043
0 0.346971 0.230435 0.002437 0.013043
0 0.055014 0.179348 0.002786 0.013043
0 0.260968 0.216304 0.003134 0.013043
0 0.202472 0.208152 0.003134 0.014130
0 0.136490 0.195109 0.003482 0.011957
0 0.683496 0.299457 0.003482 0.014130
0 0.642758 0.289130 0.002786 0.013043
0 0.159819 0.196196 0.002786 0.011957
0 0.535167 0.262500 0.002089 0.011957
0 0.510097 0.257609 0.002089 0.010870
0 0.892758 0.344565 0.003482 0.013043
0 0.730327 0.313043 0.003134 0.015217
0 0.109331 0.190217 0.002786 0.013043
0 0.644150 0.755978 0.046657 0.181522
0 0.587047 0.277717 0.002786 0.011957
0 0.835829 0.335326 0.003134 0.014130
0 0.422354 0.243478 0.002089 0.010870
0 0.611769 0.278804 0.002786 0.011957
0 0.871170 0.343478 0.003482 0.015217
0 0.256790 0.219022 0.003134 0.014130
0 0.581999 0.275543 0.002437 0.011957
0 0.633879 0.285870 0.002437 0.013043
0 0.841226 0.333152 0.003482 0.014130
0 0.734854 0.310326 0.002437 0.014130
0 0.204039 0.205435 0.002786 0.013043
0 0.475975 0.248913 0.002089 0.010870
0 0.811107 0.326630 0.003134 0.014130
0 0.549791 0.264674 0.002786 0.011957
0 0.381093 0.233152 0.002437 0.011957
0 0.111421 0.189130 0.003482 0.015217
0 0.406511 0.237500 0.002437 0.011957
0 0.661038 0.294022 0.002437 0.011957
0 0.381790 0.240217 0.002437 0.013043
0 0.513231 0.257065 0.002089 0.009783
0 0.583043 0.270652 0.002437 0.013043
0 0.628830 0.283696 0.002786 0.013043
