0 0.115625 0.536719 0.231250 0.926562
0 0.142969 0.457813 0.223438 0.784375
0 0.203906 0.460938 0.175000 0.581250
0 0.261719 0.463281 0.145313 0.459375
0 0.316406 0.464062 0.126562 0.379688
0 0.368750 0.466406 0.114062 0.328125
0 0.420312 0.466406 0.104688 0.285938
0 0.471094 0.468750 0.095312 0.253125
0 0.522656 0.468750 0.090625 0.229687
0 0.574219 0.469531 0.084375 0.210938
0 0.625000 0.468750 0.082812 0.192188
0 0.676562 0.469531 0.078125 0.181250
0 0.728125 0.469531 0.078125 0.170313
0 0.781250 0.468750 0.076563 0.162500
0 0.835156 0.469531 0.075000 0.154688
0 0.889844 0.469531 0.075000 0.150000
0 0.946094 0.471094 0.075000 0.143750
0 0.981250 0.471094 0.037500 0.139063
