0 0.131510 0.201852 0.097917 0.266667
0 0.180208 0.256019 0.114062 0.286111
0 0.254427 0.300463 0.096354 0.296296
0 0.301302 0.362963 0.127604 0.326852
0 0.243229 0.160185 0.074479 0.205556
0 0.430208 0.178704 0.055729 0.164815
0 0.454427 0.206019 0.064583 0.175926
0 0.457813 0.419444 0.096354 0.308333
0 0.490625 0.547685 0.158333 0.411111
0 0.777344 0.757407 0.181771 0.470370
0 0.568229 0.304167 0.084375 0.210185
0 0.538802 0.266204 0.054688 0.187963
0 0.629167 0.339352 0.078125 0.215741
0 0.657292 0.414815 0.110937 0.264815
0 0.791146 0.521759 0.093750 0.293519
