0 0.174617 0.556271 0.014972 0.022337
0 0.328517 0.579897 0.023329 0.035223
0 0.406163 0.535438 0.010097 0.015893
0 0.407904 0.526203 0.008008 0.012027
0 0.433496 0.519115 0.006267 0.009880
0 0.471100 0.514605 0.004875 0.008591
0 0.474930 0.538660 0.011838 0.018900
0 0.557451 0.553265 0.017409 0.026632
0 0.538649 0.511383 0.005571 0.008162
0 0.595404 0.509021 0.004875 0.008591
0 0.626741 0.526847 0.009053 0.015893
0 0.639798 0.508806 0.005223 0.008162
0 0.675662 0.509235 0.005919 0.009880
0 0.716400 0.510309 0.007312 0.011168
0 0.859854 0.518686 0.012883 0.016753
0 0.921483 0.544674 0.022632 0.028351
0 0.928447 0.738187 0.044916 0.122423
0 0.667305 0.574742 0.026114 0.039519
0 0.228238 0.618557 0.031685 0.052405
0 0.204561 0.543600 0.010794 0.016753
0 0.328691 0.531357 0.007660 0.013746
0 0.501741 0.539948 0.012535 0.019759
0 0.485724 0.521907 0.008357 0.012887
0 0.627611 0.521048 0.009401 0.014605
0 0.750174 0.521263 0.011490 0.016753
0 0.818419 0.524485 0.014276 0.018900
0 0.272110 0.551976 0.012883 0.021478
0 0.325035 0.534579 0.008705 0.014175
0 0.459262 0.524699 0.008357 0.012457
0 0.499478 0.594287 0.032382 0.043385
0 0.551880 0.520619 0.007660 0.012887
0 0.602194 0.534794 0.012883 0.020619
0 0.854979 0.674828 0.062326 0.089347
0 0.662953 0.549184 0.021588 0.027921
0 0.057103 0.587844 0.016713 0.033076
