0 0.756250 0.462500 0.041667 0.086111
0 0.702604 0.529630 0.081771 0.237963
0 0.533594 0.355093 0.070833 0.174074
0 0.328906 0.213889 0.057292 0.184259
0 0.342708 0.240278 0.082812 0.215741
0 0.314323 0.234259 0.095833 0.246296
0 0.213802 0.200463 0.123958 0.303704
0 0.263281 0.258796 0.152083 0.345370
0 0.337760 0.334259 0.141667 0.358333
0 0.385417 0.402778 0.182292 0.420370
0 0.559375 0.386111 0.086458 0.195370
0 0.564583 0.549074 0.161979 0.414815
0 0.651042 0.472222 0.077083 0.208333
0 0.757552 0.584259 0.113021 0.264815
0 0.798958 0.663426 0.163021 0.348148
0 0.607031 0.693519 0.268229 0.612963
