0 0.177660 0.592230 0.012766 0.020946
0 0.167021 0.605405 0.018085 0.027027
0 0.125000 0.635811 0.028723 0.040541
0 0.131915 0.585811 0.011702 0.017568
0 0.113830 0.565878 0.005319 0.010135
0 0.117819 0.565541 0.003723 0.009459
0 0.119947 0.564189 0.002660 0.008108
0 0.123404 0.563176 0.004255 0.007432
0 0.567819 0.659797 0.038830 0.056081
0 0.450000 0.619932 0.023404 0.035811
0 0.363830 0.595270 0.014894 0.024324
0 0.340160 0.584122 0.012234 0.019595
0 0.275266 0.577027 0.010106 0.016216
0 0.223138 0.575000 0.009043 0.016216
0 0.142287 0.575676 0.009043 0.014865
