0 0.671309 0.457065 0.036212 0.122826
0 0.937848 0.373913 0.026114 0.082609
0 0.112639 0.746196 0.063022 0.203261
0 0.056058 0.259783 0.002089 0.008696
0 0.085132 0.276087 0.003134 0.015217
0 0.107068 0.264674 0.002437 0.011957
0 0.073990 0.269565 0.002437 0.013043
0 0.059366 0.254891 0.001741 0.009783
0 0.098364 0.248913 0.001741 0.010870
0 0.502263 0.207609 0.001741 0.008696
0 0.515494 0.207609 0.001741 0.008696
0 0.534819 0.200543 0.001393 0.007609
0 0.547180 0.198913 0.001741 0.008696
0 0.551880 0.200000 0.001393 0.008696
0 0.704909 0.191304 0.003830 0.019565
0 0.692201 0.190761 0.002786 0.018478
0 0.109157 0.263043 0.002437 0.010870
0 0.087570 0.254891 0.002437 0.009783
