0 0.623936 0.553041 0.005319 0.010135
0 0.618085 0.556419 0.006383 0.012838
0 0.604521 0.559797 0.006915 0.011486
0 0.603723 0.552027 0.005319 0.010811
0 0.587234 0.565203 0.009574 0.015541
0 0.567021 0.573649 0.010638 0.017568
0 0.535638 0.577027 0.010638 0.020270
0 0.446809 0.584459 0.012766 0.024324
0 0.330585 0.592568 0.014362 0.025676
0 0.135372 0.611824 0.020745 0.033108
0 0.143085 0.582095 0.011702 0.018243
0 0.219149 0.572973 0.008511 0.016216
0 0.273670 0.567905 0.006915 0.014189
0 0.350000 0.559459 0.005319 0.010811
0 0.369415 0.558446 0.004787 0.010135
0 0.412234 0.554730 0.004255 0.008108
0 0.454787 0.552027 0.005319 0.009459
0 0.510638 0.550676 0.004255 0.008108
0 0.562500 0.550338 0.004787 0.008784
0 0.590426 0.543581 0.004255 0.008784
0 0.594415 0.542905 0.003723 0.007432
0 0.592553 0.543581 0.003191 0.007432
0 0.548670 0.682432 0.043085 0.068919
0 0.397074 0.622297 0.028191 0.040541
0 0.402394 0.611486 0.023936 0.035135
0 0.492021 0.603041 0.021277 0.031757
0 0.642553 0.587838 0.017021 0.027027
0 0.705851 0.578041 0.015957 0.022297
0 0.726064 0.574324 0.012766 0.018919
0 0.731383 0.565203 0.010638 0.016892
0 0.722872 0.560811 0.007447 0.013514
0 0.707979 0.557095 0.007447 0.011486
0 0.708511 0.553041 0.007447 0.010135
0 0.678989 0.550676 0.005851 0.009459
0 0.650798 0.549324 0.005851 0.009459
0 0.607713 0.548311 0.004787 0.008784
0 0.122872 0.577365 0.009574 0.015541
0 0.187500 0.571622 0.007979 0.013514
0 0.281117 0.563176 0.005851 0.011486
0 0.314362 0.560135 0.004255 0.009459
0 0.356915 0.556757 0.004255 0.008108
0 0.421011 0.553378 0.004787 0.009459
0 0.488298 0.549324 0.004255 0.008108
0 0.553191 0.548649 0.004255 0.008108
0 0.240691 0.566892 0.006915 0.012162
0 0.317819 0.563514 0.005851 0.012162
