0 0.057813 0.472222 0.115625 0.514815
0 0.544792 0.540741 0.150521 0.489815
0 0.806510 0.606481 0.200521 0.525000
0 0.679167 0.427315 0.127083 0.387037
0 0.176042 0.319444 0.138542 0.363889
0 0.371354 0.301852 0.097396 0.312963
0 0.323958 0.238889 0.071354 0.268519
0 0.420052 0.225926 0.060937 0.250000
0 0.445052 0.195370 0.044271 0.217593
0 0.472656 0.183796 0.065104 0.208333
0 0.593750 0.187500 0.059896 0.199074
0 0.827083 0.445370 0.127083 0.385185
0 0.912500 0.414352 0.098437 0.352778
0 0.964844 0.332407 0.063021 0.275000
0 0.676302 0.195833 0.061458 0.193519
0 0.730990 0.181944 0.049479 0.178704
