0 0.146809 0.693056 0.062766 0.139815
0 0.899734 0.673148 0.050532 0.133333
0 0.589894 0.458333 0.017021 0.037037
0 0.694681 0.528241 0.032979 0.067593
0 0.625266 0.483796 0.022872 0.049074
0 0.569415 0.441204 0.012234 0.030556
0 0.556915 0.429630 0.010638 0.025926
0 0.393351 0.441204 0.013298 0.030556
0 0.297872 0.537037 0.031915 0.070370
0 0.374734 0.459722 0.016489 0.037963
0 0.543085 0.420370 0.009574 0.022222
0 0.346543 0.486574 0.020745 0.047222
0 0.406117 0.429630 0.011170 0.025926
0 0.534309 0.413426 0.007979 0.019444
0 0.526330 0.409259 0.006915 0.018519
0 0.521277 0.404167 0.005319 0.015741
0 0.518351 0.399074 0.004787 0.014815
0 0.433777 0.398611 0.005851 0.015741
0 0.429521 0.402778 0.005851 0.016667
0 0.425000 0.408796 0.005319 0.017593
0 0.421543 0.413426 0.006915 0.019444
0 0.414628 0.419907 0.007979 0.021296
0 0.878457 0.621296 0.052660 0.203704
0 0.473404 0.390278 0.007447 0.023148
0 0.491489 0.389815 0.007447 0.022222
0 0.161968 0.635648 0.069681 0.204630
0 0.190426 0.618056 0.043617 0.189815
0 0.850798 0.605093 0.049468 0.187963
0 0.511702 0.390741 0.005319 0.022222
0 0.455585 0.390278 0.005851 0.023148
0 0.436170 0.390741 0.005319 0.022222
