0 0.200798 0.617593 0.075000 0.142593
0 0.253457 0.381944 0.015426 0.034259
0 0.451862 0.465278 0.033511 0.067593
0 0.386436 0.378704 0.013298 0.031481
0 0.524734 0.391667 0.015426 0.037037
0 0.541755 0.424537 0.022872 0.049074
0 0.220213 0.350000 0.010638 0.018519
0 0.381915 0.351389 0.008511 0.013889
0 0.525266 0.350000 0.007979 0.014815
0 0.630053 0.347685 0.007979 0.012037
0 0.747074 0.348611 0.010106 0.013889
0 0.831649 0.357870 0.013298 0.015741
0 0.903989 0.364352 0.015426 0.017593
0 0.898936 0.446759 0.030851 0.056481
0 0.811702 0.400463 0.019149 0.037963
0 0.190426 0.362500 0.013830 0.030556
0 0.461170 0.362037 0.012766 0.025926
0 0.577128 0.369907 0.013830 0.026852
0 0.329787 0.361574 0.012766 0.026852
0 0.690160 0.382870 0.016489 0.032407
