0 0.689589 0.301087 0.013579 0.058696
0 0.735898 0.391304 0.023329 0.097826
0 0.587221 0.272283 0.010097 0.042391
0 0.362465 0.264130 0.006267 0.028261
0 0.726845 0.335326 0.017061 0.075000
0 0.916783 0.271196 0.016017 0.055435
0 0.651114 0.494022 0.040390 0.144565
0 0.420439 0.268478 0.007312 0.032609
0 0.708914 0.244022 0.009053 0.035870
0 0.821727 0.202717 0.006267 0.022826
0 0.834610 0.194565 0.004178 0.021739
0 0.872911 0.191304 0.004875 0.021739
0 0.928969 0.188043 0.004875 0.021739
0 0.535515 0.268478 0.009053 0.039130
0 0.509401 0.245109 0.006267 0.027174
0 0.485550 0.232609 0.005223 0.021739
0 0.641887 0.283152 0.012187 0.048913
0 0.619951 0.240217 0.008008 0.032609
0 0.405292 0.240217 0.004178 0.019565
0 0.888057 0.198913 0.006616 0.026087
0 0.607068 0.209783 0.004526 0.019565
0 0.560411 0.221739 0.005919 0.019565
0 0.620474 0.214130 0.006267 0.021739
0 0.755049 0.198370 0.005223 0.020652
0 0.732242 0.205978 0.005571 0.022826
0 0.513579 0.227174 0.004875 0.019565
0 0.536908 0.219022 0.004178 0.018478
0 0.476497 0.244022 0.006616 0.027174
0 0.366295 0.252717 0.004178 0.022826
0 0.799095 0.252717 0.011142 0.042391
0 0.467096 0.228804 0.005223 0.020652
0 0.467792 0.240217 0.005223 0.026087
0 0.680362 0.203804 0.004178 0.018478
0 0.678969 0.209239 0.004875 0.020652
