0 0.629717 0.653125 0.740566 0.693750
0 0.424528 0.628125 0.158019 0.159375
0 0.391509 0.616406 0.084906 0.084375
0 0.278302 0.588281 0.051887 0.057813
0 0.468160 0.640625 0.023585 0.029687
0 0.458726 0.637500 0.025943 0.029687
0 0.244104 0.577344 0.040094 0.037500
0 0.163915 0.554688 0.028302 0.035937
0 0.149764 0.551562 0.021226 0.028125
0 0.174528 0.557813 0.023585 0.031250
0 0.094340 0.535937 0.030660 0.035937
0 0.077830 0.531250 0.033019 0.037500
0 0.047170 0.523438 0.028302 0.035937
0 0.007075 0.510938 0.014151 0.037500
0 0.011792 0.514062 0.023585 0.032813
0 0.035377 0.521094 0.025943 0.032813
