0 0.090426 0.407870 0.015957 0.039815
0 0.200000 0.412037 0.017021 0.038889
0 0.245745 0.364352 0.008511 0.010185
0 0.288564 0.367130 0.010106 0.012037
0 0.330585 0.370833 0.011170 0.013889
0 0.261436 0.438426 0.019681 0.043519
0 0.271011 0.516204 0.035638 0.078704
0 0.423138 0.379167 0.010106 0.013889
0 0.514096 0.393056 0.012234 0.015741
0 0.083245 0.387963 0.012234 0.029630
0 0.248670 0.389815 0.012234 0.027778
0 0.388564 0.403704 0.012234 0.029630
0 0.492287 0.428704 0.015426 0.037037
0 0.603989 0.469444 0.023936 0.055556
0 0.726862 0.576852 0.046277 0.109259
