0 0.360372 0.455556 0.017553 0.040741
0 0.319681 0.493056 0.025532 0.058333
0 0.384043 0.436111 0.012766 0.031481
0 0.233245 0.583796 0.044149 0.097222
0 0.396809 0.422685 0.010638 0.025000
0 0.406649 0.413889 0.009043 0.022222
0 0.771809 0.576389 0.044681 0.097222
0 0.561968 0.434259 0.013298 0.033333
0 0.543351 0.422685 0.011170 0.026852
0 0.588830 0.453704 0.018085 0.042593
0 0.644947 0.491204 0.026064 0.058333
0 0.530851 0.414815 0.008511 0.022222
0 0.413298 0.406944 0.006383 0.019444
0 0.417553 0.402315 0.005319 0.017593
0 0.529521 0.406944 0.012234 0.036111
0 0.521011 0.407870 0.007979 0.019444
0 0.513564 0.403704 0.006915 0.018519
0 0.406915 0.406019 0.011702 0.036111
0 0.453723 0.375926 0.003191 0.014815
0 0.465426 0.375926 0.003191 0.014815
0 0.477128 0.375926 0.003191 0.014815
0 0.490160 0.376852 0.002660 0.014815
0 0.440957 0.375926 0.004255 0.014815
