0 0.176532 0.663015 0.058496 0.082045
0 0.179143 0.534364 0.017061 0.014605
0 0.056058 0.567225 0.014624 0.035653
0 0.135446 0.517826 0.009749 0.015034
0 0.320682 0.535653 0.013231 0.021478
0 0.335655 0.512887 0.008357 0.012887
0 0.830606 0.574527 0.030989 0.042526
0 0.521065 0.524270 0.015669 0.012457
0 0.475627 0.507517 0.006964 0.011598
0 0.453865 0.502148 0.005223 0.009450
0 0.243558 0.577749 0.032382 0.042096
0 0.279596 0.550473 0.024373 0.019330
0 0.172702 0.548110 0.016713 0.024055
0 0.231894 0.520189 0.011142 0.015464
0 0.331476 0.525344 0.010446 0.018041
0 0.608113 0.539089 0.019847 0.019759
0 0.523329 0.514175 0.009053 0.014605
0 0.471448 0.513746 0.009053 0.014605
0 0.439763 0.505584 0.006267 0.011168
0 0.577646 0.555627 0.020195 0.024485
