0 0.450781 0.604167 0.251042 0.598148
0 0.384635 0.533796 0.176042 0.426852
0 0.869792 0.499537 0.260417 0.697222
0 0.779948 0.334259 0.163021 0.383333
0 0.590104 0.376852 0.142187 0.317593
0 0.164583 0.626852 0.201042 0.464815
0 0.108073 0.626389 0.180208 0.414815
0 0.315885 0.406944 0.078646 0.190741
0 0.500000 0.262037 0.036458 0.082407
0 0.464323 0.375463 0.101042 0.244444
0 0.288802 0.409259 0.073958 0.177778
0 0.043229 0.568519 0.086458 0.277778
0 0.042708 0.530093 0.085417 0.219444
0 0.074740 0.531019 0.102083 0.246296
