0 0.799617 0.357609 0.020543 0.078261
0 0.892061 0.227174 0.006267 0.023913
0 0.848712 0.290217 0.012187 0.047826
0 0.883182 0.239130 0.007312 0.030435
0 0.870474 0.257065 0.009053 0.035870
0 0.899721 0.217935 0.004875 0.020652
0 0.646240 0.575000 0.047354 0.171739
0 0.904944 0.211413 0.003482 0.018478
0 0.909645 0.205978 0.003134 0.016304
0 0.912953 0.201087 0.002786 0.015217
0 0.915390 0.197826 0.002786 0.013043
0 0.600279 0.247283 0.004875 0.027174
0 0.917479 0.194565 0.002786 0.013043
0 0.919220 0.192391 0.002786 0.010870
0 0.920613 0.190761 0.002089 0.009783
0 0.874304 0.190217 0.002089 0.010870
0 0.921831 0.186413 0.002437 0.016304
