0 0.204521 0.590741 0.052660 0.112963
0 0.481383 0.467593 0.023404 0.051852
0 0.686436 0.423611 0.014362 0.034259
0 0.751064 0.411111 0.012766 0.027778
0 0.776596 0.398611 0.009574 0.025000
0 0.755319 0.392130 0.007447 0.017593
0 0.740426 0.385648 0.006383 0.017593
0 0.735904 0.381944 0.004787 0.015741
0 0.753191 0.377778 0.005319 0.014815
0 0.789628 0.372685 0.004787 0.013889
0 0.815691 0.368519 0.004787 0.012963
0 0.872340 0.359722 0.004255 0.012037
0 0.863564 0.361574 0.003723 0.010185
0 0.854255 0.362963 0.003191 0.011111
0 0.846011 0.363889 0.003723 0.011111
0 0.835904 0.365278 0.004787 0.010185
0 0.835372 0.381019 0.005851 0.017593
0 0.843085 0.386111 0.008511 0.018519
0 0.859309 0.392130 0.009043 0.021296
0 0.862766 0.375463 0.005319 0.013889
0 0.882181 0.371296 0.004787 0.011111
0 0.917287 0.452315 0.015426 0.043519
0 0.913298 0.400926 0.009574 0.024074
0 0.894947 0.367593 0.004787 0.011111
0 0.807181 0.495833 0.030319 0.062037
0 0.900532 0.596296 0.048936 0.101852
