0 0.163475 0.565077 0.032382 0.025344
0 0.060411 0.529424 0.019150 0.022766
0 0.435933 0.574527 0.028552 0.037371
0 0.344708 0.522337 0.011142 0.017182
0 0.667653 0.547680 0.021240 0.018041
0 0.511838 0.517182 0.008357 0.013746
0 0.457347 0.507732 0.004526 0.011168
0 0.799269 0.846435 0.107591 0.169674
0 0.444986 0.621349 0.048747 0.040808
0 0.194464 0.610180 0.037953 0.050258
0 0.214659 0.534364 0.017061 0.022337
0 0.391887 0.547251 0.019150 0.026632
0 0.910864 0.581400 0.038301 0.030498
0 0.615773 0.530284 0.011490 0.019330
0 0.542479 0.528351 0.013231 0.018900
0 0.453691 0.513101 0.007660 0.013316
