0 0.118883 0.769907 0.084574 0.193519
0 0.262500 0.551389 0.034574 0.078704
0 0.284840 0.488426 0.019681 0.047222
0 0.305053 0.458796 0.014362 0.036111
0 0.334840 0.439815 0.011170 0.029630
0 0.389362 0.424537 0.008511 0.023148
0 0.457181 0.416667 0.007979 0.022222
0 0.574734 0.411574 0.007979 0.019444
0 0.684574 0.414815 0.007447 0.018519
0 0.811436 0.421296 0.009043 0.020370
0 0.526596 0.434722 0.011702 0.028704
0 0.535106 0.467130 0.020213 0.043519
0 0.565426 0.424537 0.010638 0.025000
0 0.631383 0.423611 0.009574 0.023148
0 0.714894 0.425463 0.009574 0.023148
0 0.659840 0.534259 0.037766 0.072222
0 0.882979 0.712500 0.084043 0.162037
0 0.811436 0.437037 0.012234 0.029630
