0 0.195213 0.482870 0.029787 0.062037
0 0.775532 0.392130 0.012766 0.025000
0 0.171011 0.433796 0.018617 0.043519
0 0.129255 0.420370 0.017021 0.035185
0 0.327926 0.372222 0.007979 0.016667
0 0.088564 0.410648 0.013298 0.032407
0 0.101064 0.385185 0.007447 0.022222
0 0.644149 0.385648 0.010638 0.023148
0 0.152394 0.378241 0.007979 0.019444
0 0.490691 0.374074 0.006915 0.016667
0 0.572606 0.379630 0.006915 0.018519
0 0.409309 0.372222 0.005851 0.014815
0 0.361170 0.416204 0.017021 0.037963
0 0.707181 0.399537 0.013298 0.028704
0 0.897606 0.426389 0.019681 0.041667
0 0.665691 0.518981 0.042021 0.082407
0 0.469149 0.383333 0.010638 0.024074
0 0.307181 0.403704 0.014362 0.029630
0 0.484309 0.451852 0.027128 0.055556
0 0.219149 0.383796 0.009574 0.021296
0 0.346277 0.373611 0.007447 0.017593
0 0.400798 0.376852 0.006915 0.016667
0 0.237234 0.395833 0.010638 0.025000
0 0.563298 0.388889 0.009574 0.024074
0 0.290691 0.373611 0.009043 0.021296
0 0.243617 0.379630 0.008511 0.018519
