0 0.763564 0.439815 0.017553 0.042593
0 0.786436 0.472685 0.021809 0.054630
0 0.682713 0.418981 0.013298 0.032407
0 0.759840 0.532870 0.040957 0.076852
0 0.781383 0.394907 0.009574 0.023148
0 0.702660 0.397222 0.009574 0.024074
0 0.861170 0.392130 0.008511 0.023148
0 0.654521 0.404167 0.011170 0.025000
0 0.808777 0.411111 0.012234 0.029630
0 0.837766 0.406481 0.012766 0.025926
0 0.869149 0.422685 0.017021 0.034259
0 0.891489 0.401852 0.011702 0.024074
0 0.353457 0.364815 0.006915 0.014815
0 0.203723 0.367593 0.009574 0.016667
0 0.460106 0.368981 0.007447 0.013889
0 0.582979 0.372685 0.006383 0.013889
0 0.114096 0.367593 0.006915 0.012963
