0 0.347667 0.322283 0.012883 0.051087
0 0.173747 0.354348 0.019499 0.078261
0 0.704735 0.338043 0.007660 0.030435
0 0.712918 0.369565 0.010794 0.045652
0 0.884053 0.385326 0.009053 0.038043
0 0.928621 0.386957 0.008357 0.034783
0 0.494777 0.435870 0.020195 0.091304
0 0.571553 0.381522 0.015669 0.060870
0 0.619081 0.369022 0.012535 0.053261
0 0.761316 0.345109 0.007312 0.031522
0 0.473015 0.315761 0.009401 0.042391
0 0.525418 0.577174 0.039694 0.152174
0 0.938893 0.375000 0.007312 0.030435
0 0.813719 0.377717 0.010446 0.040217
0 0.697772 0.304891 0.004875 0.020652
0 0.783252 0.331522 0.005919 0.023913
0 0.755049 0.322283 0.005223 0.022826
0 0.732591 0.305435 0.003482 0.015217
0 0.913475 0.361413 0.006616 0.025000
0 0.870125 0.346739 0.005571 0.021739
0 0.792653 0.347826 0.007312 0.028261
0 0.787604 0.310326 0.003482 0.014130
0 0.889972 0.330978 0.003482 0.014130
0 0.820160 0.315761 0.003830 0.014130
0 0.593489 0.323913 0.008008 0.034783
0 0.947772 0.344565 0.003482 0.015217
0 0.737987 0.308696 0.003134 0.015217
0 0.760446 0.315761 0.002786 0.016304
0 0.759401 0.304891 0.002786 0.014130
0 0.660515 0.289130 0.003482 0.015217
0 0.681407 0.290217 0.003482 0.015217
0 0.854283 0.320109 0.003134 0.014130
0 0.752437 0.301087 0.002786 0.013043
0 0.859157 0.324457 0.003134 0.014130
0 0.711873 0.294022 0.003134 0.014130
0 0.799617 0.309239 0.003134 0.011957
0 0.913649 0.333152 0.003482 0.014130
0 0.820160 0.333152 0.004526 0.018478
0 0.664868 0.294022 0.003134 0.018478
0 0.801706 0.338587 0.005223 0.025000
0 0.803969 0.343478 0.004875 0.028261
0 0.950383 0.342935 0.001741 0.014130
0 0.738162 0.302174 0.003482 0.015217
