0 0.544149 0.510648 0.035106 0.071296
0 0.731383 0.463889 0.024468 0.050000
0 0.779787 0.442130 0.018085 0.039815
0 0.786968 0.427778 0.011170 0.033333
0 0.755585 0.415741 0.012234 0.027778
0 0.512766 0.381019 0.005319 0.017593
0 0.525266 0.374537 0.004787 0.013889
0 0.536170 0.387500 0.006383 0.015741
0 0.560372 0.372222 0.003723 0.011111
0 0.594149 0.394907 0.008511 0.021296
0 0.615691 0.370370 0.002660 0.009259
0 0.683511 0.404630 0.010638 0.024074
0 0.680053 0.370370 0.003723 0.009259
0 0.748138 0.369907 0.004787 0.010185
0 0.284574 0.629630 0.070213 0.127778
0 0.840957 0.372685 0.005319 0.013889
0 0.914628 0.374537 0.003723 0.010185
0 0.622606 0.380093 0.005851 0.015741
0 0.630319 0.376389 0.005319 0.013889
0 0.665426 0.385185 0.007447 0.018519
0 0.692021 0.374537 0.005319 0.013889
0 0.727128 0.391204 0.009574 0.019444
0 0.753989 0.374537 0.005851 0.013889
0 0.819947 0.399074 0.012234 0.024074
0 0.855319 0.377778 0.007447 0.016667
0 0.900000 0.380556 0.007447 0.016667
