0 0.411968 0.530556 0.039894 0.079630
0 0.595213 0.432870 0.015957 0.037963
0 0.653457 0.403241 0.011170 0.026852
0 0.682979 0.387963 0.008511 0.020370
0 0.693617 0.381944 0.007447 0.017593
0 0.702394 0.378241 0.005851 0.015741
0 0.711170 0.374074 0.005319 0.014815
0 0.718617 0.370370 0.004255 0.012963
0 0.753723 0.369444 0.004255 0.012963
0 0.806649 0.370833 0.004787 0.013889
0 0.868085 0.556481 0.047872 0.094444
0 0.827926 0.442593 0.020745 0.044444
0 0.814894 0.409259 0.013830 0.029630
0 0.804521 0.391667 0.009043 0.022222
0 0.812234 0.374074 0.005319 0.014815
0 0.793085 0.374537 0.005319 0.015741
0 0.923138 0.378241 0.003723 0.017593
0 0.800798 0.385185 0.005851 0.018519
0 0.844149 0.374537 0.006383 0.015741
0 0.880053 0.376389 0.006915 0.013889
0 0.797074 0.373611 0.003723 0.013889
