0 0.622911 0.612973 0.041086 0.060137
0 0.725975 0.512027 0.008357 0.013746
0 0.669394 0.507732 0.008008 0.012027
0 0.651811 0.536297 0.015320 0.023625
0 0.622214 0.505799 0.007660 0.010739
0 0.567375 0.503007 0.006616 0.010309
0 0.499304 0.503222 0.006964 0.009880
0 0.431407 0.552405 0.021588 0.032646
0 0.418001 0.504296 0.008008 0.012027
0 0.370299 0.508806 0.010097 0.013316
0 0.333914 0.518900 0.011838 0.017182
0 0.324513 0.536297 0.019499 0.024485
0 0.821727 0.534364 0.018106 0.024055
0 0.945682 0.547251 0.010446 0.028351
0 0.636142 0.524914 0.012535 0.018900
0 0.479283 0.559278 0.025418 0.036082
0 0.439589 0.516323 0.010794 0.018041
0 0.219185 0.522981 0.012883 0.019330
0 0.835481 0.607603 0.043524 0.057990
0 0.642932 0.554553 0.021936 0.033505
0 0.528726 0.518686 0.010794 0.017612
0 0.404596 0.519974 0.012535 0.017612
0 0.207521 0.529210 0.015320 0.022337
0 0.060933 0.570662 0.024373 0.041667
