0 0.191223 0.469444 0.022872 0.046296
0 0.305053 0.437500 0.014362 0.036111
0 0.377926 0.414352 0.011170 0.026852
0 0.191489 0.384722 0.009574 0.019444
0 0.305053 0.377778 0.007979 0.018519
0 0.393351 0.371759 0.006915 0.017593
0 0.527128 0.384259 0.008511 0.020370
0 0.536170 0.365278 0.006383 0.015741
0 0.477128 0.368056 0.007447 0.019444
0 0.459574 0.397222 0.009574 0.024074
0 0.573138 0.377315 0.007979 0.019444
0 0.592021 0.368981 0.006383 0.017593
0 0.889628 0.354167 0.011170 0.012037
0 0.860638 0.350463 0.009574 0.012037
0 0.119947 0.377778 0.009043 0.020370
0 0.215691 0.375000 0.007979 0.018519
0 0.312500 0.370370 0.007979 0.018519
0 0.390691 0.364815 0.006915 0.014815
0 0.528723 0.431944 0.015957 0.037963
0 0.536170 0.467130 0.024468 0.052778
0 0.549734 0.412500 0.012234 0.030556
0 0.517287 0.359259 0.006915 0.016667
0 0.451064 0.361111 0.006383 0.016667
0 0.587234 0.357870 0.006383 0.015741
0 0.630053 0.396296 0.011170 0.025926
0 0.643883 0.360185 0.006915 0.016667
0 0.690160 0.365278 0.007979 0.017593
0 0.696809 0.382407 0.009574 0.022222
0 0.726330 0.370370 0.009043 0.020370
0 0.091223 0.532407 0.033511 0.142593
0 0.652128 0.520370 0.056383 0.140741
0 0.601596 0.497685 0.050000 0.119444
