0 0.560096 0.632212 0.013221 0.026442
0 0.717548 0.645433 0.013221 0.027644
0 0.419471 0.626202 0.009615 0.026442
0 0.376202 0.623798 0.009615 0.021635
0 0.397837 0.626202 0.012019 0.024038
0 0.710337 0.598558 0.007212 0.015625
0 0.699519 0.594952 0.007212 0.015625
0 0.729567 0.593750 0.007212 0.014423
0 0.545673 0.632212 0.007212 0.021635
0 0.647837 0.621394 0.007212 0.020433
0 0.616587 0.605769 0.006010 0.019231
0 0.598558 0.598558 0.006010 0.018029
0 0.703125 0.657452 0.008413 0.028846
0 0.781250 0.611779 0.007212 0.018029
0 0.760817 0.608173 0.009615 0.018029
0 0.432692 0.594952 0.007212 0.015625
