0 0.154688 0.632407 0.286458 0.735185
0 0.208854 0.281481 0.141667 0.388889
0 0.251042 0.213889 0.077083 0.316667
0 0.341667 0.200000 0.104167 0.300000
0 0.389062 0.171296 0.082292 0.261111
0 0.458854 0.156481 0.076042 0.238889
0 0.614583 0.164815 0.075000 0.233333
0 0.725521 0.172222 0.084375 0.244444
0 0.520833 0.695370 0.214583 0.609259
0 0.797917 0.159259 0.064583 0.218519
0 0.747656 0.520370 0.204167 0.587037
0 0.891667 0.479630 0.166667 0.529630
0 0.495833 0.465741 0.137500 0.557407
0 0.864062 0.372222 0.115625 0.429630
