0 0.137187 0.854381 0.127437 0.170103
0 0.256442 0.572165 0.028900 0.042955
0 0.310585 0.510095 0.009749 0.015034
0 0.421135 0.514605 0.010097 0.015464
0 0.445682 0.507088 0.007660 0.012457
0 0.588092 0.504296 0.006267 0.010309
0 0.648503 0.508591 0.006616 0.011168
0 0.699513 0.525129 0.011142 0.017612
0 0.742166 0.514605 0.008008 0.012887
0 0.757312 0.522766 0.010446 0.016323
0 0.807799 0.544674 0.016017 0.024914
0 0.835829 0.525988 0.010794 0.016753
0 0.582173 0.562070 0.025070 0.033935
0 0.601497 0.535868 0.016365 0.022766
0 0.379004 0.528351 0.015669 0.023196
0 0.512535 0.504725 0.007660 0.012027
0 0.519150 0.510954 0.009053 0.014175
0 0.520891 0.501933 0.005571 0.010739
0 0.576776 0.519759 0.010794 0.018041
0 0.644847 0.504296 0.005571 0.008591
0 0.704735 0.509021 0.007660 0.011168
0 0.733635 0.516538 0.008357 0.014175
0 0.782730 0.518041 0.008357 0.014605
0 0.936630 0.536727 0.016017 0.021048
0 0.642758 0.679553 0.057799 0.086770
0 0.607416 0.508376 0.007312 0.011598
0 0.620648 0.502792 0.005223 0.009021
0 0.661908 0.513960 0.007660 0.013316
0 0.666957 0.518256 0.009401 0.015034
0 0.720752 0.510524 0.007660 0.011598
0 0.711351 0.527491 0.010446 0.018041
0 0.892061 0.525773 0.011142 0.016323
0 0.877437 0.543170 0.015320 0.022766
0 0.886838 0.567869 0.027159 0.034364
