0 0.423609 0.337657 0.042359 0.155556
0 0.454339 0.347843 0.057292 0.164815
0 0.609724 0.386111 0.049307 0.220370
0 0.649307 0.288889 0.027776 0.070370
0 0.672568 0.397843 0.068750 0.232713
0 0.725870 0.441972 0.108682 0.290120
0 0.930380 0.499074 0.126042 0.357407
0 0.557641 0.599694 0.174307 0.522843
0 0.489583 0.494139 0.093750 0.370991
0 0.193229 0.340435 0.029516 0.182102
0 0.211630 0.357713 0.047568 0.205556
0 0.075521 0.405861 0.078125 0.283333
0 0.139411 0.433639 0.110068 0.317898
0 0.181771 0.372528 0.064234 0.231481
0 0.226214 0.449074 0.085068 0.331481
0 0.291146 0.487657 0.128125 0.386417
0 0.552953 0.368519 0.039932 0.192593
