0 0.157904 0.832474 0.117340 0.163230
0 0.199338 0.512242 0.011490 0.018471
0 0.299791 0.492053 0.006964 0.011598
0 0.366992 0.559923 0.026462 0.037371
0 0.551010 0.522552 0.018454 0.017612
0 0.369603 0.499570 0.008705 0.014605
0 0.143628 0.618986 0.046309 0.057560
0 0.057625 0.532861 0.017758 0.026203
0 0.284645 0.535009 0.020543 0.027921
0 0.304143 0.497208 0.008008 0.013316
0 0.432451 0.605455 0.044568 0.041667
0 0.902159 0.722723 0.091922 0.113832
0 0.774721 0.539948 0.028552 0.024055
0 0.486595 0.508162 0.010794 0.018900
0 0.414171 0.509021 0.010794 0.018900
0 0.903552 0.569802 0.042479 0.033076
