0 0.388928 0.850730 0.092618 0.177405
0 0.134227 0.507732 0.013579 0.019759
0 0.228935 0.485395 0.007312 0.012027
0 0.310237 0.492912 0.009053 0.015034
0 0.357068 0.555842 0.026114 0.038660
0 0.512187 0.514820 0.017409 0.017612
0 0.155292 0.625000 0.049443 0.061856
0 0.248607 0.531143 0.022284 0.028780
0 0.237987 0.490765 0.008705 0.014175
0 0.364903 0.502363 0.011142 0.019330
0 0.454387 0.600515 0.045961 0.042955
0 0.437848 0.500430 0.010794 0.018900
0 0.735724 0.528995 0.025766 0.022766
0 0.865425 0.553909 0.037256 0.029639
