0 0.442708 0.518056 0.225521 0.587037
0 0.540365 0.443981 0.126562 0.475926
0 0.686458 0.447685 0.158333 0.435185
0 0.829688 0.450926 0.149479 0.402778
0 0.895052 0.418056 0.079687 0.334259
0 0.947135 0.420833 0.105729 0.328704
0 0.647917 0.247685 0.085938 0.239815
0 0.578385 0.243519 0.072917 0.250926
0 0.452344 0.206481 0.097917 0.260185
0 0.246875 0.512500 0.255729 0.643519
0 0.089844 0.428704 0.179688 0.603704
0 0.126042 0.172685 0.137500 0.325000
0 0.200781 0.155093 0.098437 0.267593
0 0.308073 0.164352 0.083854 0.253704
