0 0.081302 0.214130 0.006616 0.023913
0 0.111769 0.214130 0.004875 0.023913
0 0.211525 0.421196 0.026811 0.103261
0 0.891539 0.319565 0.003830 0.015217
0 0.147284 0.214674 0.004875 0.020652
0 0.153900 0.228261 0.005571 0.023913
0 0.205780 0.228261 0.005571 0.021739
0 0.833914 0.310870 0.003482 0.015217
0 0.619777 0.264130 0.002786 0.013043
0 0.604457 0.260326 0.002786 0.011957
0 0.165390 0.214674 0.004178 0.016304
0 0.735376 0.292391 0.004178 0.015217
0 0.438893 0.554891 0.037953 0.146739
0 0.282382 0.217391 0.003482 0.013043
0 0.235028 0.228261 0.004875 0.019565
0 0.209610 0.209239 0.003482 0.014130
0 0.588266 0.257065 0.002437 0.011957
0 0.482591 0.239130 0.002786 0.010870
0 0.665564 0.271196 0.002437 0.009783
0 0.560063 0.251630 0.002437 0.011957
0 0.368036 0.230978 0.002786 0.011957
0 0.744777 0.290761 0.003482 0.014130
0 0.911560 0.320652 0.004178 0.015217
0 0.498085 0.240761 0.002437 0.009783
0 0.275940 0.219565 0.003830 0.015217
0 0.425313 0.235870 0.003134 0.013043
0 0.379004 0.228261 0.003134 0.013043
0 0.442549 0.234783 0.002786 0.010870
0 0.783774 0.301630 0.003482 0.016304
0 0.575557 0.253261 0.002089 0.010870
0 0.364206 0.226630 0.002786 0.011957
0 0.406511 0.233696 0.003134 0.013043
0 0.611595 0.259239 0.002437 0.011957
0 0.171309 0.210870 0.002786 0.015217
0 0.628308 0.267391 0.002437 0.013043
0 0.341226 0.225000 0.002786 0.013043
0 0.400244 0.228804 0.002437 0.011957
0 0.690634 0.283152 0.003830 0.014130
0 0.932799 0.328261 0.004178 0.015217
0 0.679318 0.276087 0.002786 0.013043
0 0.852368 0.309783 0.002786 0.013043
0 0.533600 0.246739 0.002437 0.010870
0 0.334784 0.227174 0.003830 0.015217
0 0.178969 0.208152 0.003482 0.016304
0 0.641713 0.265217 0.002089 0.010870
0 0.634923 0.270109 0.003134 0.011957
0 0.698294 0.281522 0.002437 0.013043
0 0.078169 0.226087 0.008008 0.026087
0 0.253830 0.217391 0.003482 0.013043
0 0.508008 0.242935 0.002089 0.011957
0 0.247214 0.226087 0.004178 0.015217
0 0.320160 0.221196 0.003134 0.014130
0 0.686978 0.278804 0.002786 0.011957
0 0.434192 0.235326 0.002786 0.011957
0 0.801010 0.301087 0.003134 0.015217
0 0.648155 0.273370 0.003134 0.014130
0 0.386664 0.228804 0.002437 0.011957
0 0.720404 0.285870 0.002786 0.013043
0 0.773329 0.297283 0.002089 0.014130
0 0.252786 0.225000 0.004178 0.015217
0 0.536734 0.245652 0.001741 0.008696
0 0.460829 0.237500 0.001741 0.009783
0 0.430536 0.231522 0.001741 0.010870
0 0.245125 0.219022 0.002786 0.014130
0 0.245996 0.213043 0.003134 0.015217
0 0.174095 0.214674 0.003482 0.018478
