0 0.073698 0.429630 0.147396 0.409259
0 0.183594 0.300000 0.114583 0.311111
0 0.257292 0.342130 0.130729 0.349074
0 0.281771 0.244907 0.072917 0.266667
0 0.318490 0.193056 0.075521 0.225000
0 0.432031 0.156481 0.074479 0.210185
0 0.510677 0.133333 0.086458 0.217593
0 0.548958 0.104630 0.055729 0.183333
0 0.500260 0.471296 0.189583 0.497222
0 0.582812 0.316667 0.134896 0.380556
0 0.735417 0.426389 0.217708 0.515741
0 0.700000 0.274074 0.119271 0.358333
0 0.873958 0.084722 0.094792 0.169444
0 0.816667 0.123148 0.067708 0.231481
