0 0.081339 0.443657 0.162682 0.507954
0 0.183130 0.378611 0.150786 0.422306
0 0.244818 0.263981 0.109573 0.300444
0 0.309240 0.233759 0.091427 0.255241
0 0.382844 0.193509 0.066880 0.200250
0 0.270547 0.210565 0.037443 0.238065
0 0.537094 0.169815 0.052464 0.154509
0 0.581964 0.210176 0.073453 0.196537
0 0.617010 0.195102 0.058130 0.173806
0 0.692240 0.231861 0.064833 0.195472
0 0.701245 0.256583 0.076594 0.226398
0 0.702583 0.403213 0.116776 0.375213
0 0.774542 0.517843 0.191937 0.497065
0 0.842698 0.322296 0.086583 0.272639
0 0.778854 0.279593 0.071396 0.237491
