0 0.829039 0.244565 0.006964 0.030435
0 0.632834 0.423913 0.028203 0.102174
0 0.711351 0.245109 0.007660 0.027174
0 0.857765 0.218478 0.005223 0.021739
0 0.803099 0.270109 0.010794 0.040217
0 0.752263 0.316304 0.014972 0.058696
0 0.865425 0.210326 0.004526 0.018478
0 0.872214 0.204348 0.004875 0.015217
0 0.885272 0.194022 0.002437 0.014130
0 0.782904 0.220109 0.005223 0.020652
0 0.877089 0.200000 0.003482 0.013043
0 0.882138 0.197283 0.002437 0.014130
0 0.888231 0.191304 0.002089 0.013043
0 0.060063 0.726630 0.022632 0.235870
0 0.891017 0.189130 0.002089 0.013043
0 0.892584 0.186957 0.001741 0.010870
0 0.845926 0.229348 0.006616 0.026087
