0 0.325209 0.342935 0.018802 0.061957
0 0.626567 0.339674 0.010097 0.040217
0 0.471448 0.494022 0.030641 0.120652
0 0.803447 0.354891 0.008705 0.031522
0 0.867688 0.357609 0.006964 0.028261
0 0.760968 0.358696 0.009401 0.036957
0 0.110376 0.417935 0.036212 0.111957
0 0.478935 0.330435 0.012883 0.047826
0 0.904422 0.374457 0.008008 0.031522
0 0.838614 0.394565 0.011490 0.045652
0 0.527507 0.405435 0.021588 0.078261
0 0.564067 0.303261 0.007660 0.030435
0 0.903377 0.354348 0.005919 0.021739
0 0.615599 0.304891 0.007660 0.027174
0 0.612465 0.379891 0.016017 0.057609
0 0.840529 0.336413 0.006267 0.020652
0 0.775070 0.335870 0.007660 0.026087
0 0.717096 0.379348 0.014276 0.050000
0 0.703865 0.328804 0.008008 0.029348
0 0.908948 0.347826 0.006616 0.021739
0 0.656859 0.328261 0.009401 0.032609
0 0.793175 0.331522 0.006964 0.021739
0 0.872040 0.351087 0.005919 0.026087
0 0.570682 0.776630 0.026462 0.142391
