0 0.112109 0.407639 0.161719 0.398611
0 0.175781 0.273611 0.084375 0.258333
0 0.235937 0.216667 0.064062 0.200000
0 0.268750 0.184028 0.048438 0.170833
0 0.294531 0.163194 0.043750 0.137500
0 0.343750 0.149306 0.050000 0.120833
0 0.116016 0.099306 0.035156 0.090278
0 0.322266 0.631250 0.228906 0.626389
0 0.570703 0.204861 0.041406 0.162500
0 0.604297 0.234486 0.069531 0.184722
0 0.650000 0.273611 0.073438 0.227778
0 0.782031 0.301389 0.089063 0.244444
0 0.928125 0.344208 0.096875 0.270833
0 0.896094 0.738194 0.148438 0.523611
