0 0.246277 0.625000 0.069149 0.131481
0 0.328989 0.482407 0.028191 0.059259
0 0.319415 0.441204 0.017553 0.041667
0 0.255319 0.420833 0.014894 0.034259
0 0.185106 0.410185 0.012766 0.029630
0 0.130585 0.406019 0.012234 0.028704
0 0.668085 0.397222 0.006383 0.016667
0 0.560904 0.387500 0.005851 0.015741
0 0.187234 0.392593 0.010638 0.024074
0 0.897340 0.573148 0.055319 0.105556
0 0.680319 0.465278 0.028723 0.056481
0 0.528191 0.425926 0.017021 0.037037
0 0.418617 0.408796 0.012766 0.030556
0 0.341489 0.397222 0.012766 0.025926
0 0.286436 0.392593 0.011170 0.024074
0 0.664362 0.395370 0.006383 0.016667
0 0.557181 0.387037 0.005851 0.014815
0 0.755851 0.435648 0.035106 0.037963
