0 0.329521 0.536111 0.042021 0.083333
0 0.491223 0.460185 0.025000 0.050000
0 0.626862 0.410648 0.013298 0.030556
0 0.685638 0.390278 0.009574 0.023148
0 0.718617 0.377778 0.007447 0.018519
0 0.732181 0.372685 0.006915 0.017593
0 0.743085 0.369444 0.006383 0.014815
0 0.753191 0.365278 0.005319 0.013889
0 0.762234 0.362037 0.004255 0.012963
0 0.797872 0.361111 0.005319 0.012963
0 0.892287 0.588426 0.065426 0.112037
0 0.772872 0.469907 0.025532 0.058333
0 0.809043 0.414352 0.014894 0.036111
0 0.823138 0.392130 0.011170 0.025000
0 0.916489 0.365278 0.005319 0.013889
0 0.883511 0.364352 0.006383 0.013889
0 0.851862 0.364352 0.005851 0.013889
0 0.828191 0.378704 0.007447 0.022222
0 0.832181 0.373148 0.005851 0.016667
0 0.835904 0.369444 0.004787 0.014815
