0 0.344681 0.516204 0.026596 0.063889
0 0.235106 0.636574 0.053191 0.113889
0 0.389628 0.469907 0.017553 0.041667
0 0.699468 0.509259 0.029787 0.062963
0 0.865426 0.615278 0.057447 0.112037
0 0.635638 0.466667 0.018085 0.042593
0 0.580585 0.431481 0.011170 0.027778
0 0.410904 0.446759 0.013298 0.034259
0 0.601064 0.443981 0.012766 0.032407
0 0.511170 0.383333 0.005319 0.018519
0 0.423670 0.432407 0.011170 0.027778
0 0.496543 0.383333 0.004787 0.018519
0 0.390691 0.454630 0.022872 0.068519
0 0.632979 0.451852 0.021277 0.068519
0 0.624468 0.450926 0.011702 0.064815
0 0.568351 0.422685 0.009043 0.023148
0 0.560106 0.414815 0.007447 0.020370
0 0.554255 0.408796 0.006383 0.019444
0 0.547606 0.403704 0.005851 0.016667
0 0.542553 0.400463 0.004255 0.015741
0 0.537500 0.397222 0.004787 0.014815
0 0.527926 0.383333 0.003723 0.018519
0 0.532713 0.390741 0.003723 0.012963
0 0.534574 0.393519 0.003191 0.012963
0 0.481915 0.383333 0.004255 0.018519
0 0.433511 0.422685 0.009574 0.023148
0 0.441489 0.414815 0.007447 0.020370
0 0.448404 0.408796 0.006383 0.017593
0 0.452660 0.403704 0.005319 0.016667
0 0.456915 0.400000 0.005319 0.014815
0 0.465691 0.383796 0.004787 0.017593
0 0.464362 0.388889 0.003191 0.011111
0 0.461436 0.392593 0.003723 0.012963
