0 0.566964 0.225194 0.078125 0.201722
0 0.634859 0.267528 0.068823 0.241398
0 0.685083 0.298278 0.110490 0.275130
0 0.453870 0.187500 0.064734 0.167324
0 0.425411 0.165343 0.034599 0.137565
0 0.389880 0.194444 0.047620 0.185185
0 0.351750 0.239750 0.077755 0.245370
0 0.288875 0.250991 0.095609 0.267861
0 0.201823 0.267861 0.120906 0.297620
0 0.057849 0.335315 0.115698 0.403435
0 0.096724 0.268185 0.086307 0.312833
0 0.910901 0.376981 0.138021 0.342593
0 0.796688 0.331676 0.120906 0.302250
0 0.735156 0.190972 0.051042 0.142130
0 0.767188 0.186574 0.043229 0.131481
0 0.619271 0.215278 0.050000 0.174074
0 0.321224 0.205556 0.031510 0.206481
