0 0.147340 0.389815 0.012766 0.031481
0 0.211170 0.403704 0.014894 0.033333
0 0.255319 0.436111 0.020213 0.046296
0 0.189628 0.497222 0.034574 0.074074
0 0.386436 0.378704 0.011170 0.012963
0 0.307979 0.367130 0.009574 0.012037
0 0.218351 0.359722 0.010106 0.012037
0 0.175798 0.357870 0.011170 0.012037
0 0.128989 0.355556 0.009043 0.011111
0 0.165426 0.375463 0.009574 0.023148
0 0.289096 0.384259 0.010106 0.024074
0 0.374202 0.399074 0.011170 0.027778
0 0.448404 0.416204 0.013830 0.034259
0 0.494681 0.446296 0.020213 0.048148
0 0.643617 0.537963 0.043617 0.088889
