0 0.228412 0.810352 0.106546 0.156787
0 0.420091 0.582259 0.033774 0.045103
0 0.576079 0.541667 0.015669 0.025773
0 0.554840 0.511168 0.008008 0.012887
0 0.649025 0.523196 0.012535 0.018041
0 0.649199 0.557131 0.024025 0.033505
0 0.826253 0.555627 0.020891 0.033076
0 0.832347 0.530713 0.012883 0.021048
0 0.830084 0.499785 0.004875 0.007302
0 0.875870 0.512887 0.008705 0.012887
0 0.885968 0.500430 0.004526 0.007732
0 0.789345 0.521048 0.010446 0.017182
0 0.765320 0.499570 0.004875 0.007732
0 0.747737 0.513101 0.008705 0.013316
0 0.731024 0.501074 0.005223 0.008162
0 0.707521 0.504510 0.005571 0.009021
0 0.701950 0.509235 0.006964 0.011598
0 0.465181 0.559923 0.025766 0.034794
0 0.520717 0.578823 0.026811 0.042526
0 0.564937 0.506443 0.007312 0.011168
0 0.607068 0.529210 0.012883 0.020619
0 0.646588 0.504725 0.006267 0.010309
0 0.889798 0.510309 0.008705 0.012027
0 0.763753 0.514390 0.009401 0.014175
0 0.769673 0.504296 0.006616 0.010309
0 0.071901 0.635309 0.046309 0.070447
0 0.485550 0.536512 0.015669 0.024055
0 0.511838 0.518471 0.009749 0.015464
0 0.612987 0.512027 0.008705 0.013746
0 0.644150 0.506014 0.006267 0.010309
0 0.665564 0.634665 0.049095 0.068299
0 0.797528 0.589562 0.034471 0.046821
0 0.833043 0.550473 0.019150 0.028780
0 0.862291 0.523196 0.012883 0.018041
0 0.841052 0.515249 0.009401 0.015034
0 0.825905 0.506443 0.006964 0.010309
0 0.732591 0.531143 0.013928 0.021048
0 0.747214 0.505155 0.006267 0.010309
