0 0.061630 0.536082 0.020891 0.026632
0 0.123781 0.517826 0.013579 0.018471
0 0.190982 0.510095 0.009401 0.014175
0 0.296135 0.507517 0.008008 0.012457
0 0.378482 0.507732 0.006964 0.012027
0 0.444638 0.510309 0.007660 0.012887
0 0.502611 0.514175 0.007312 0.012887
0 0.572946 0.519330 0.008705 0.014605
0 0.560933 0.560997 0.023677 0.032646
0 0.898503 0.550043 0.020543 0.025344
0 0.255919 0.622852 0.043175 0.067010
0 0.505571 0.540163 0.015320 0.025344
0 0.748781 0.551117 0.020543 0.029210
0 0.924095 0.568084 0.027855 0.034794
0 0.229805 0.530928 0.014624 0.024055
0 0.362639 0.642826 0.053273 0.075172
0 0.179143 0.536942 0.019150 0.025773
0 0.355850 0.532002 0.014624 0.021907
0 0.626219 0.607174 0.035864 0.055412
