0 0.267104 0.453722 0.180104 0.495231
0 0.451750 0.706583 0.220693 0.583130
0 0.857839 0.502398 0.181307 0.482250
0 0.964974 0.522324 0.070052 0.247944
0 0.752380 0.339648 0.131849 0.349407
0 0.394990 0.330157 0.138417 0.382287
0 0.213755 0.255843 0.078036 0.341102
0 0.714365 0.222741 0.087068 0.263778
0 0.821917 0.309787 0.078042 0.311907
0 0.200870 0.174815 0.049656 0.271667
0 0.287719 0.206065 0.086547 0.297130
0 0.341349 0.113000 0.083224 0.214731
0 0.423901 0.108139 0.048552 0.201306
0 0.663068 0.136389 0.062599 0.191111
