0 0.643617 0.364352 0.007447 0.017593
0 0.624468 0.373611 0.008511 0.021296
0 0.585372 0.361111 0.006915 0.016667
0 0.576064 0.380556 0.008511 0.022222
0 0.523404 0.362037 0.007447 0.018519
0 0.505053 0.393519 0.011170 0.025926
0 0.418351 0.412500 0.013298 0.030556
0 0.437500 0.367130 0.006915 0.017593
0 0.340691 0.437037 0.016489 0.038889
0 0.213298 0.472685 0.027660 0.054630
0 0.114628 0.382870 0.009043 0.019444
0 0.234309 0.377778 0.009043 0.020370
0 0.347340 0.371759 0.006383 0.017593
0 0.593617 0.476852 0.028723 0.062963
0 0.581383 0.433333 0.018085 0.040741
0 0.602128 0.412500 0.014894 0.034259
0 0.788830 0.367593 0.009574 0.022222
0 0.758511 0.380556 0.010638 0.024074
0 0.748936 0.361111 0.008511 0.020370
0 0.687500 0.393981 0.012234 0.028704
0 0.698404 0.356019 0.007447 0.017593
0 0.638032 0.353241 0.006915 0.015741
0 0.564628 0.353704 0.006915 0.016667
0 0.496011 0.356481 0.005851 0.016667
0 0.434309 0.359722 0.005851 0.015741
0 0.165691 0.370833 0.007979 0.019444
0 0.259043 0.368519 0.007447 0.018519
0 0.355585 0.364352 0.006915 0.017593
0 0.747872 0.561111 0.075532 0.175926
0 0.677660 0.523611 0.059574 0.147222
