0 0.057661 0.455685 0.115328 0.329361
0 0.212797 0.556213 0.125000 0.387565
0 0.095240 0.334657 0.074406 0.246028
0 0.145089 0.484130 0.084823 0.341269
0 0.129464 0.298278 0.053573 0.210315
0 0.106026 0.264546 0.033484 0.190472
0 0.465401 0.738759 0.161458 0.493389
0 0.405016 0.547981 0.093750 0.361111
0 0.377974 0.266537 0.055057 0.173278
0 0.347844 0.248019 0.042411 0.162694
0 0.574776 0.144176 0.029016 0.076722
0 0.439359 0.285056 0.055802 0.181213
0 0.477677 0.313491 0.046130 0.195769
0 0.514510 0.350528 0.075151 0.222222
0 0.591891 0.371028 0.066219 0.223546
0 0.634302 0.449074 0.100448 0.279102
0 0.815104 0.550269 0.107885 0.333333
