0 0.268351 0.667568 0.038830 0.062162
0 0.351330 0.614865 0.020745 0.036486
0 0.433511 0.557095 0.006383 0.011486
0 0.424734 0.556081 0.004787 0.010811
0 0.427926 0.560135 0.005851 0.013514
0 0.422606 0.564865 0.007979 0.014865
0 0.412500 0.569932 0.009043 0.016892
0 0.400532 0.578716 0.011702 0.020946
0 0.383511 0.593581 0.017021 0.027703
0 0.399734 0.555743 0.004787 0.011486
0 0.373936 0.556757 0.006383 0.010811
0 0.303723 0.559122 0.005319 0.011486
0 0.219947 0.564189 0.005851 0.012162
0 0.125000 0.570270 0.006383 0.013514
0 0.128723 0.583108 0.013830 0.020270
0 0.089362 0.593243 0.015957 0.024324
0 0.082713 0.573649 0.007979 0.014865
0 0.093617 0.578716 0.010638 0.015541
0 0.709574 0.669257 0.046809 0.064189
0 0.619149 0.613514 0.026596 0.039189
0 0.581383 0.589865 0.018085 0.027027
0 0.552926 0.577365 0.013298 0.020946
0 0.538830 0.569257 0.009574 0.016892
0 0.532181 0.562838 0.007979 0.014865
0 0.526330 0.559797 0.006915 0.012838
0 0.520479 0.556081 0.005851 0.012162
0 0.509840 0.554054 0.005851 0.010811
0 0.476596 0.553716 0.005319 0.010135
0 0.447340 0.553378 0.005319 0.010811
0 0.405053 0.554730 0.004787 0.010811
0 0.365957 0.554054 0.006383 0.010811
0 0.332713 0.555743 0.005851 0.011486
0 0.263564 0.559797 0.005851 0.011486
0 0.183245 0.564189 0.006915 0.012162
0 0.090426 0.568919 0.006383 0.013514
