0 0.533654 0.635817 0.014423 0.025240
0 0.691106 0.646635 0.014423 0.028846
0 0.393029 0.627404 0.009615 0.024038
0 0.371394 0.627404 0.009615 0.025240
0 0.349760 0.627404 0.012019 0.025240
0 0.682692 0.600962 0.007212 0.014423
0 0.670673 0.594952 0.006010 0.014423
0 0.703125 0.594952 0.007212 0.014423
0 0.725962 0.593750 0.006010 0.014423
0 0.781250 0.594952 0.006010 0.014423
0 0.844952 0.594952 0.006010 0.015625
0 0.360577 0.626202 0.012019 0.026442
0 0.382212 0.627404 0.009615 0.025240
0 0.520433 0.634615 0.008413 0.031250
0 0.618990 0.625000 0.009615 0.025240
0 0.674279 0.658654 0.010817 0.031250
0 0.752404 0.614183 0.008413 0.020433
0 0.588942 0.610577 0.007212 0.021635
0 0.570913 0.602163 0.006010 0.019231
0 0.411058 0.605769 0.006010 0.018029
