0 0.112104 0.288824 0.134641 0.360500
0 0.265104 0.213315 0.076057 0.274278
0 0.312797 0.275519 0.096245 0.317676
0 0.360245 0.195370 0.056698 0.252287
0 0.413307 0.155731 0.061260 0.221620
0 0.531641 0.165574 0.062250 0.201944
0 0.612698 0.176417 0.062911 0.200500
0 0.666734 0.161519 0.045984 0.186898
0 0.490297 0.497593 0.138422 0.460889
0 0.620021 0.391259 0.110115 0.363963
0 0.738115 0.555019 0.184833 0.499370
0 0.757240 0.406009 0.112406 0.374963
0 0.839026 0.375343 0.087182 0.332139
0 0.887693 0.308074 0.045193 0.267037
0 0.918135 0.277259 0.072219 0.244759
