0 0.282904 0.357609 0.016365 0.065217
0 0.301880 0.461413 0.031337 0.114130
0 0.227716 0.244022 0.006964 0.025000
0 0.144325 0.294022 0.013579 0.046739
0 0.710132 0.311957 0.006616 0.028261
0 0.198468 0.254891 0.008357 0.029348
0 0.767932 0.333152 0.008705 0.035870
0 0.318942 0.308152 0.010446 0.042391
0 0.875174 0.357609 0.010794 0.039130
0 0.595752 0.295109 0.006267 0.027174
0 0.305536 0.269565 0.007312 0.030435
0 0.772806 0.357609 0.012187 0.045652
0 0.165390 0.267391 0.009749 0.036957
0 0.321901 0.258152 0.005919 0.025000
0 0.637709 0.317935 0.009401 0.035870
0 0.716400 0.292391 0.004526 0.019565
0 0.255397 0.237500 0.005223 0.022826
0 0.680710 0.277174 0.003482 0.015217
0 0.735898 0.300543 0.005223 0.020652
0 0.768280 0.272826 0.002437 0.010870
0 0.376915 0.236957 0.003830 0.017391
0 0.630049 0.291848 0.005223 0.022826
0 0.311804 0.285326 0.008008 0.033696
0 0.333740 0.250000 0.005223 0.021739
0 0.851845 0.304348 0.003830 0.015217
0 0.616295 0.277174 0.004178 0.019565
0 0.912430 0.316304 0.003830 0.015217
0 0.802577 0.276087 0.003482 0.010870
0 0.943071 0.288043 0.001741 0.008696
0 0.729457 0.283696 0.003482 0.015217
0 0.874652 0.302717 0.003482 0.014130
0 0.592618 0.269565 0.003482 0.017391
0 0.342444 0.244565 0.005223 0.019565
0 0.786560 0.293478 0.002786 0.015217
0 0.741121 0.280435 0.003830 0.013043
0 0.301706 0.230435 0.004526 0.017391
0 0.685237 0.272826 0.002786 0.013043
0 0.644150 0.286413 0.004875 0.020652
0 0.903900 0.283696 0.002089 0.010870
0 0.803795 0.290761 0.003134 0.011957
0 0.688545 0.283152 0.003830 0.016304
0 0.402681 0.236413 0.003134 0.016304
0 0.740425 0.307065 0.005919 0.022826
0 0.864728 0.280978 0.002437 0.009783
0 0.629526 0.266848 0.003482 0.014130
0 0.353586 0.239674 0.004526 0.018478
0 0.338788 0.230978 0.003482 0.014130
0 0.276811 0.231522 0.004875 0.019565
0 0.924095 0.283152 0.002089 0.009783
0 0.367514 0.230978 0.003134 0.014130
0 0.651288 0.257065 0.001741 0.009783
0 0.623955 0.253261 0.002089 0.010870
0 0.442897 0.234783 0.002089 0.013043
0 0.504526 0.237500 0.002089 0.011957
0 0.707695 0.264130 0.002437 0.010870
0 0.731894 0.267391 0.002089 0.010870
0 0.565111 0.245652 0.001393 0.010870
0 0.693245 0.261957 0.002089 0.010870
0 0.885446 0.279348 0.002089 0.008696
0 0.426706 0.235326 0.003134 0.014130
0 0.783600 0.270652 0.002437 0.010870
0 0.679840 0.259783 0.001741 0.010870
0 0.832173 0.278261 0.002089 0.010870
0 0.752437 0.266848 0.002089 0.009783
0 0.642932 0.254891 0.001741 0.009783
0 0.436281 0.232609 0.002786 0.010870
0 0.470578 0.235326 0.001741 0.011957
0 0.399025 0.232065 0.002786 0.011957
0 0.817201 0.271739 0.002089 0.010870
0 0.596971 0.250000 0.001741 0.010870
0 0.575557 0.245652 0.002089 0.010870
0 0.531511 0.241848 0.001741 0.009783
0 0.538475 0.240217 0.001741 0.010870
0 0.467270 0.233696 0.002089 0.010870
0 0.842967 0.274457 0.002089 0.009783
0 0.612117 0.250543 0.002089 0.011957
0 0.669916 0.258696 0.002089 0.010870
0 0.500174 0.235326 0.001741 0.009783
0 0.717618 0.264674 0.002089 0.009783
0 0.712744 0.261413 0.003482 0.016304
0 0.723712 0.261957 0.003134 0.015217
0 0.726323 0.263587 0.003482 0.016304
0 0.738162 0.266304 0.003482 0.015217
