0 0.044010 0.265278 0.083854 0.315741
0 0.094792 0.309722 0.141667 0.363889
0 0.144531 0.264815 0.089583 0.266667
0 0.159896 0.238426 0.048958 0.205556
0 0.174219 0.257407 0.066146 0.226852
0 0.183594 0.348611 0.116146 0.359259
0 0.245052 0.408333 0.169792 0.437037
0 0.499479 0.589352 0.222396 0.575926
0 0.444010 0.472685 0.125000 0.404630
0 0.426042 0.322685 0.064583 0.188889
0 0.392708 0.295370 0.056771 0.167593
0 0.571875 0.396759 0.072917 0.236111
0 0.620052 0.314352 0.038021 0.087037
0 0.632812 0.427315 0.088021 0.252778
0 0.677865 0.487500 0.134896 0.320370
0 0.870833 0.596759 0.156771 0.385185
0 0.899219 0.733796 0.201563 0.532407
