0 0.028846 0.378606 0.012019 0.027644
0 0.056490 0.378606 0.008413 0.024038
0 0.099760 0.400240 0.013221 0.028846
0 0.116587 0.424279 0.015625 0.040865
0 0.069712 0.525240 0.046875 0.075721
0 0.265625 0.528846 0.039663 0.080529
0 0.584135 0.533654 0.052885 0.087740
0 0.850962 0.419471 0.026442 0.049279
0 0.484375 0.420673 0.025240 0.045673
0 0.685096 0.418269 0.027644 0.051683
0 0.231971 0.425481 0.025240 0.044471
0 0.268029 0.367788 0.013221 0.026442
0 0.082933 0.405048 0.016827 0.032452
0 0.115385 0.400240 0.013221 0.028846
0 0.254808 0.372596 0.010817 0.026442
