0 0.127089 0.512457 0.006964 0.013746
0 0.166086 0.548754 0.018802 0.028780
0 0.195160 0.517612 0.010097 0.015464
0 0.289345 0.538660 0.015320 0.024055
0 0.303969 0.523840 0.011142 0.017612
0 0.395195 0.539948 0.016713 0.024055
0 0.619081 0.579897 0.028552 0.041237
0 0.515669 0.675473 0.060585 0.087199
0 0.219011 0.599442 0.036908 0.052835
0 0.220056 0.509450 0.009053 0.012887
0 0.279422 0.515249 0.007312 0.014175
0 0.282730 0.527277 0.009053 0.019330
0 0.348538 0.527491 0.012535 0.019759
0 0.505571 0.555198 0.019499 0.030498
0 0.766713 0.556701 0.020891 0.028351
0 0.132312 0.518256 0.011838 0.016753
0 0.167479 0.554124 0.022284 0.030928
0 0.161386 0.534579 0.011490 0.022766
0 0.187674 0.525773 0.013928 0.018900
0 0.188370 0.508591 0.007660 0.012027
0 0.295787 0.517182 0.009401 0.014605
0 0.392409 0.579682 0.027855 0.039948
0 0.475453 0.536512 0.014276 0.022337
0 0.176880 0.726589 0.082173 0.117268
