0 0.152328 0.639111 0.195664 0.501181
0 0.335773 0.479931 0.105492 0.343722
0 0.277047 0.406194 0.086469 0.300847
0 0.180258 0.339208 0.069102 0.248014
0 0.095234 0.285333 0.084734 0.217639
0 0.059437 0.238903 0.042547 0.182681
0 0.105750 0.180944 0.033250 0.127153
0 0.136773 0.164139 0.036867 0.116486
0 0.168141 0.152569 0.039805 0.104208
0 0.202281 0.144014 0.037422 0.093139
0 0.375492 0.223403 0.048867 0.137181
0 0.413469 0.247764 0.056008 0.158569
0 0.495914 0.277181 0.054547 0.167847
0 0.601211 0.304028 0.069641 0.180222
0 0.727000 0.359944 0.080766 0.208431
0 0.866109 0.462319 0.093609 0.274403
0 0.944273 0.675222 0.111453 0.436722
