0 0.443745 0.526815 0.198969 0.558685
0 0.537370 0.437843 0.104245 0.461759
0 0.683099 0.419176 0.138604 0.415176
0 0.825927 0.400083 0.131292 0.383926
0 0.889646 0.356972 0.064078 0.325481
0 0.948172 0.351185 0.103651 0.313907
0 0.635078 0.225611 0.075120 0.229426
0 0.565578 0.232120 0.061115 0.242444
0 0.438208 0.215046 0.086328 0.247657
0 0.248505 0.551546 0.226453 0.610472
0 0.081979 0.493972 0.163958 0.580963
0 0.111453 0.231824 0.122922 0.306685
0 0.185021 0.202602 0.086469 0.255185
0 0.292370 0.195519 0.071990 0.243315
