0 0.735448 0.316444 0.029719 0.072981
0 0.697000 0.410676 0.042891 0.225491
0 0.505359 0.343685 0.044422 0.156861
0 0.285693 0.328435 0.026042 0.178648
0 0.303771 0.345593 0.049328 0.197713
0 0.275734 0.356213 0.057599 0.225491
0 0.174479 0.382352 0.078125 0.273417
0 0.231922 0.409037 0.102328 0.302833
0 0.316177 0.437361 0.087010 0.325704
0 0.373776 0.474398 0.121323 0.370370
0 0.535385 0.358111 0.058516 0.170481
0 0.570005 0.508991 0.097734 0.378537
0 0.637714 0.386435 0.043813 0.193352
0 0.759036 0.430556 0.073833 0.234750
0 0.812500 0.481481 0.114583 0.298352
0 0.636865 0.622426 0.178818 0.541148
