0 0.555362 0.545962 0.020891 0.035223
0 0.216226 0.542526 0.015320 0.025773
0 0.613162 0.484966 0.006267 0.011168
0 0.603238 0.481959 0.005223 0.008591
0 0.572075 0.492698 0.006267 0.011168
0 0.622389 0.598368 0.043524 0.063574
0 0.524025 0.512887 0.011142 0.018900
0 0.630049 0.493986 0.008705 0.014605
0 0.574164 0.503866 0.009053 0.016323
0 0.538823 0.525129 0.014276 0.024485
0 0.689589 0.541452 0.021936 0.035653
0 0.862639 0.515249 0.019847 0.030498
0 0.647110 0.503007 0.010097 0.017182
0 0.644325 0.487758 0.007312 0.012457
