0 0.564589 0.296739 0.012883 0.052174
0 0.647284 0.326087 0.017409 0.069565
0 0.701602 0.400000 0.027855 0.104348
0 0.367514 0.289130 0.010794 0.039130
0 0.548050 0.261413 0.010446 0.035870
0 0.248607 0.301087 0.010446 0.039130
0 0.943593 0.196739 0.006964 0.026087
0 0.418698 0.266304 0.008008 0.032609
0 0.870648 0.214130 0.007312 0.028261
0 0.909123 0.200000 0.006267 0.023913
0 0.859854 0.233152 0.009401 0.035870
0 0.825383 0.291304 0.015669 0.060870
0 0.685237 0.266848 0.011838 0.044565
0 0.839136 0.266304 0.013231 0.050000
0 0.878134 0.201087 0.005571 0.023913
0 0.639798 0.607065 0.054666 0.203261
0 0.274199 0.281522 0.008008 0.030435
0 0.468315 0.286957 0.011142 0.043478
0 0.670091 0.499457 0.056058 0.270652
0 0.115251 0.323913 0.011142 0.039130
0 0.583217 0.631522 0.088440 0.376087
0 0.114380 0.308696 0.008705 0.032609
