0 0.387234 0.465278 0.017021 0.037963
0 0.274202 0.568519 0.039894 0.083333
0 0.349734 0.495833 0.022872 0.052778
0 0.407713 0.445833 0.012234 0.030556
0 0.420213 0.434722 0.009574 0.025000
0 0.429521 0.425463 0.007979 0.021296
0 0.434840 0.418981 0.006915 0.019444
0 0.440160 0.413889 0.005851 0.016667
0 0.444947 0.410185 0.005851 0.014815
0 0.742021 0.561111 0.039362 0.087037
0 0.603191 0.459259 0.017021 0.040741
0 0.642819 0.488889 0.023936 0.053704
0 0.578457 0.443056 0.013298 0.032407
0 0.561170 0.432407 0.010638 0.025926
0 0.549202 0.424074 0.010106 0.024074
0 0.539894 0.418519 0.008511 0.020370
0 0.532181 0.413889 0.006915 0.018519
0 0.527394 0.410185 0.006915 0.016667
