0 0.096809 0.613889 0.044681 0.129630
0 0.106649 0.398148 0.012234 0.027778
0 0.227394 0.407870 0.012234 0.028704
0 0.281117 0.416204 0.014362 0.032407
0 0.323670 0.467130 0.023936 0.058333
0 0.342287 0.423611 0.014362 0.036111
0 0.362234 0.439815 0.020213 0.044444
0 0.896809 0.396296 0.012766 0.014815
0 0.092287 0.382870 0.010106 0.025000
0 0.203989 0.386111 0.010106 0.024074
0 0.317819 0.393519 0.011170 0.025926
0 0.423936 0.404167 0.012766 0.030556
0 0.544149 0.419444 0.013830 0.031481
0 0.650000 0.437037 0.019149 0.042593
0 0.739096 0.473148 0.028191 0.059259
0 0.761436 0.422685 0.019681 0.032407
0 0.782181 0.435648 0.025000 0.034259
