0 0.431649 0.557770 0.003723 0.008784
0 0.439894 0.559122 0.004255 0.008784
0 0.436436 0.561149 0.004787 0.010135
0 0.434043 0.564527 0.005319 0.010135
0 0.428191 0.567230 0.006383 0.012838
0 0.422074 0.571959 0.007979 0.014189
0 0.415957 0.578378 0.009574 0.017568
0 0.404255 0.586824 0.011702 0.020946
0 0.382447 0.601351 0.014894 0.027027
0 0.345479 0.628378 0.023936 0.040541
0 0.256915 0.692568 0.046809 0.070270
0 0.099734 0.595270 0.012234 0.021622
0 0.155053 0.577365 0.005851 0.011486
0 0.165691 0.575338 0.005851 0.011486
0 0.187766 0.577365 0.007447 0.014189
0 0.195479 0.572297 0.006915 0.010811
0 0.216755 0.582770 0.010106 0.016892
0 0.226862 0.577703 0.007979 0.014865
0 0.267287 0.566892 0.005851 0.010811
0 0.333245 0.562162 0.004787 0.009459
0 0.390160 0.559797 0.004787 0.008784
0 0.411436 0.559122 0.003723 0.008784
0 0.738830 0.681081 0.048936 0.068919
0 0.639628 0.622973 0.026064 0.041892
0 0.588298 0.597635 0.020213 0.029054
0 0.563564 0.583446 0.014362 0.023649
0 0.547872 0.575000 0.010638 0.016216
0 0.531649 0.569257 0.007979 0.014189
0 0.523670 0.564865 0.006915 0.012162
0 0.519415 0.561486 0.004787 0.010811
0 0.515691 0.560135 0.003723 0.009459
0 0.511968 0.557770 0.003723 0.008784
0 0.503191 0.556081 0.004255 0.008108
0 0.475532 0.556081 0.004255 0.008108
0 0.450798 0.556757 0.003723 0.006757
0 0.082979 0.589189 0.010638 0.017568
0 0.087234 0.580405 0.006383 0.012162
0 0.109840 0.577365 0.005851 0.010135
0 0.161968 0.572297 0.004787 0.009459
0 0.233777 0.568919 0.004787 0.009459
0 0.298138 0.564865 0.004787 0.009459
0 0.353989 0.559459 0.004787 0.009459
0 0.381649 0.558784 0.003723 0.008108
0 0.414362 0.557432 0.003191 0.008108
