0 0.434309 0.562162 0.005851 0.010811
0 0.429787 0.564865 0.005319 0.012162
0 0.425266 0.561149 0.004787 0.010135
0 0.425532 0.569595 0.006383 0.012162
0 0.417021 0.573311 0.007447 0.015541
0 0.407713 0.580068 0.010106 0.018243
0 0.395213 0.590203 0.012766 0.022297
0 0.373936 0.605743 0.017021 0.029054
0 0.326330 0.636149 0.027128 0.043919
0 0.200798 0.720270 0.055851 0.083784
0 0.113032 0.577365 0.006915 0.014189
0 0.097872 0.579730 0.007447 0.014865
0 0.129521 0.581081 0.007979 0.014865
0 0.142021 0.591892 0.011702 0.021622
0 0.150532 0.574324 0.006383 0.012162
0 0.167819 0.583784 0.011170 0.017568
0 0.236436 0.568919 0.005851 0.012162
0 0.313298 0.564189 0.006383 0.010811
0 0.378457 0.562162 0.004787 0.009459
0 0.402660 0.561486 0.005319 0.009459
0 0.794947 0.720608 0.057979 0.087162
0 0.644947 0.636486 0.030319 0.044595
0 0.591223 0.605068 0.019681 0.031757
0 0.565691 0.589189 0.015426 0.021622
0 0.543085 0.578378 0.010638 0.017568
0 0.531117 0.571959 0.007979 0.014189
0 0.525532 0.567568 0.006383 0.012162
0 0.520479 0.564527 0.004787 0.010135
0 0.515691 0.561824 0.004787 0.008784
0 0.505851 0.560473 0.005319 0.008784
0 0.474734 0.560135 0.004787 0.008108
0 0.447074 0.560135 0.004787 0.008108
0 0.115691 0.573649 0.005851 0.012162
0 0.200798 0.568919 0.005851 0.010811
0 0.275532 0.564865 0.005319 0.009459
0 0.339628 0.561486 0.004787 0.008108
0 0.370213 0.560473 0.004255 0.008784
0 0.407447 0.559797 0.004255 0.008784
