0 0.042099 0.318491 0.084198 0.350370
0 0.129115 0.432491 0.134802 0.411704
0 0.321589 0.678426 0.220276 0.614231
0 0.155880 0.171148 0.044286 0.196380
0 0.112656 0.217981 0.103693 0.237306
0 0.187094 0.202602 0.077661 0.218630
0 0.353005 0.484074 0.149917 0.417898
0 0.415542 0.188935 0.045703 0.175907
0 0.443161 0.207537 0.066953 0.186759
0 0.470547 0.178287 0.034583 0.165611
0 0.492953 0.226565 0.057760 0.199528
0 0.527141 0.254713 0.055063 0.211889
0 0.555531 0.295296 0.090219 0.244704
0 0.630526 0.316796 0.074729 0.244861
0 0.651349 0.412111 0.124255 0.323407
0 0.707474 0.367065 0.052953 0.287157
0 0.827688 0.546213 0.124656 0.413639
0 0.904167 0.464639 0.066724 0.340583
0 0.776312 0.800991 0.111521 0.398009
