0 0.127469 0.285806 0.064464 0.244102
0 0.178594 0.320454 0.089625 0.261537
0 0.216688 0.247991 0.057484 0.205509
0 0.251214 0.350065 0.068203 0.276333
0 0.299281 0.398463 0.101844 0.306454
0 0.456286 0.425306 0.078349 0.297176
0 0.489922 0.539944 0.137286 0.389417
0 0.437458 0.213620 0.038609 0.151574
0 0.458073 0.227639 0.048583 0.157389
0 0.515068 0.250250 0.050078 0.169278
0 0.548703 0.271269 0.042344 0.177991
0 0.576979 0.302213 0.073896 0.202833
0 0.641714 0.317546 0.057536 0.203880
0 0.670214 0.383130 0.095786 0.246157
0 0.795672 0.687380 0.159198 0.473167
0 0.818510 0.465509 0.094469 0.303500
