0 0.221448 0.558419 0.037604 0.030928
0 0.405989 0.502363 0.009749 0.016753
0 0.451253 0.495704 0.008357 0.013746
0 0.648503 0.556271 0.027507 0.035223
0 0.629526 0.506229 0.009749 0.015893
0 0.782556 0.523196 0.016365 0.022337
0 0.654596 0.489261 0.004178 0.008591
0 0.646414 0.485180 0.003830 0.006443
0 0.687326 0.486684 0.004875 0.007732
0 0.682974 0.484321 0.003830 0.006443
0 0.345404 0.521263 0.016017 0.020189
0 0.675487 0.616838 0.043175 0.061856
0 0.826428 0.555627 0.021240 0.031357
0 0.670439 0.541237 0.026114 0.020619
0 0.647110 0.515464 0.014972 0.019759
0 0.616992 0.496349 0.006267 0.011598
0 0.692897 0.492268 0.005571 0.010309
0 0.651462 0.495060 0.006267 0.010739
0 0.447075 0.514820 0.013231 0.016753
0 0.624478 0.500859 0.007312 0.013746
0 0.791260 0.506658 0.010097 0.015893
0 0.692549 0.509235 0.010446 0.015893
0 0.697946 0.497423 0.006616 0.010309
0 0.706650 0.489261 0.005223 0.008591
