0 0.285106 0.581481 0.050000 0.107407
0 0.576862 0.502315 0.030319 0.071296
0 0.835638 0.475000 0.027660 0.059259
0 0.907979 0.380556 0.007447 0.018519
0 0.685106 0.381481 0.007447 0.016667
0 0.613564 0.379167 0.006915 0.015741
0 0.535904 0.376852 0.005851 0.014815
0 0.176064 0.383333 0.008511 0.020370
0 0.238298 0.375926 0.007447 0.016667
0 0.897606 0.375926 0.007979 0.018519
0 0.722074 0.375926 0.006915 0.016667
0 0.644415 0.375000 0.005851 0.016667
0 0.578723 0.372685 0.006383 0.015741
0 0.543085 0.368981 0.005319 0.013889
0 0.160106 0.370833 0.007447 0.017593
0 0.087500 0.375926 0.009043 0.018519
0 0.217819 0.365741 0.006915 0.016667
0 0.255585 0.361111 0.005851 0.014815
0 0.093883 0.447222 0.038830 0.038889
0 0.339362 0.396759 0.017021 0.019444
0 0.829787 0.374537 0.010638 0.030556
0 0.814362 0.371759 0.009574 0.026852
0 0.802660 0.375463 0.010638 0.032407
0 0.790691 0.370833 0.009043 0.026852
