0 0.538997 0.398370 0.017409 0.070652
0 0.294916 0.329891 0.013231 0.057609
0 0.598189 0.371196 0.013231 0.048913
0 0.419742 0.319565 0.010097 0.043478
0 0.500522 0.470652 0.025418 0.102174
0 0.631616 0.357065 0.009749 0.044565
0 0.399199 0.272826 0.005919 0.026087
0 0.563196 0.304348 0.005223 0.026087
0 0.470056 0.316848 0.008357 0.035870
0 0.605327 0.320652 0.005919 0.030435
0 0.489728 0.310870 0.006616 0.032609
0 0.321205 0.254348 0.005223 0.023913
0 0.511142 0.289130 0.004875 0.023913
0 0.110028 0.379348 0.025766 0.091304
0 0.638928 0.344565 0.006964 0.034783
0 0.556929 0.594022 0.042131 0.153261
0 0.254875 0.232065 0.004875 0.018478
0 0.381964 0.257609 0.004875 0.019565
0 0.923747 0.345652 0.003482 0.013043
0 0.475627 0.259783 0.002786 0.013043
0 0.523677 0.269565 0.002786 0.013043
0 0.272632 0.229891 0.003482 0.016304
0 0.358113 0.242935 0.003134 0.016304
0 0.468837 0.292391 0.005919 0.026087
0 0.634923 0.286957 0.003134 0.013043
0 0.559366 0.276087 0.003134 0.015217
0 0.339485 0.246196 0.003482 0.018478
0 0.917305 0.341848 0.002437 0.011957
0 0.448468 0.254891 0.002786 0.014130
0 0.453691 0.275000 0.004875 0.019565
0 0.383879 0.246196 0.003134 0.016304
0 0.302228 0.231522 0.003482 0.015217
0 0.537604 0.269022 0.002786 0.014130
0 0.413997 0.249457 0.003482 0.014130
0 0.351671 0.250000 0.004875 0.019565
0 0.483635 0.301630 0.006964 0.029348
0 0.437674 0.282609 0.006267 0.026087
0 0.591226 0.280978 0.002786 0.014130
0 0.387709 0.242391 0.003134 0.013043
0 0.518628 0.265217 0.002437 0.013043
0 0.577646 0.276087 0.002786 0.013043
0 0.602890 0.278804 0.002437 0.011957
0 0.943593 0.348370 0.002786 0.011957
0 0.269499 0.240761 0.004875 0.020652
0 0.617514 0.285326 0.003134 0.014130
0 0.897632 0.337500 0.002786 0.011957
0 0.648851 0.288587 0.002437 0.011957
0 0.610202 0.279348 0.002437 0.010870
0 0.437500 0.250000 0.002437 0.013043
0 0.887013 0.336957 0.003134 0.013043
0 0.342096 0.235870 0.002437 0.013043
0 0.488684 0.259783 0.002437 0.013043
0 0.864032 0.326087 0.003134 0.017391
0 0.858983 0.324457 0.002786 0.016304
0 0.829561 0.320109 0.003134 0.016304
0 0.823642 0.318478 0.003134 0.017391
0 0.834088 0.321196 0.002437 0.009783
0 0.801880 0.315761 0.002786 0.009783
0 0.806233 0.314130 0.002437 0.010870
0 0.339833 0.242935 0.003482 0.016304
0 0.860898 0.330435 0.003134 0.013043
0 0.827124 0.321196 0.002437 0.011957
0 0.657208 0.288587 0.002437 0.011957
0 0.659471 0.288043 0.002089 0.010870
0 0.665738 0.285870 0.002089 0.008696
0 0.675487 0.286413 0.002089 0.009783
0 0.690286 0.290217 0.002437 0.008696
0 0.677228 0.285870 0.002089 0.008696
0 0.711177 0.294022 0.001741 0.007609
0 0.734331 0.298913 0.002089 0.008696
0 0.752611 0.302717 0.002437 0.009783
0 0.775592 0.309239 0.002437 0.009783
0 0.744429 0.300000 0.002089 0.008696
0 0.778203 0.306522 0.002786 0.010870
0 0.709436 0.292935 0.001741 0.007609
