0 0.207933 0.701923 0.033654 0.060096
0 0.317308 0.614183 0.027644 0.045673
0 0.397837 0.575721 0.016827 0.034856
0 0.763221 0.585337 0.027644 0.046875
0 0.683894 0.498798 0.013221 0.027644
0 0.838942 0.462740 0.013221 0.025240
0 0.814904 0.459135 0.013221 0.025240
0 0.781250 0.453125 0.013221 0.020433
0 0.649038 0.472356 0.013221 0.020433
0 0.631010 0.460337 0.008413 0.018029
0 0.617788 0.454327 0.007212 0.018029
0 0.606971 0.451923 0.007212 0.013221
0 0.608173 0.444712 0.006010 0.014423
0 0.628606 0.441106 0.008413 0.019231
0 0.680288 0.433894 0.007212 0.020433
0 0.723558 0.430288 0.004808 0.013221
0 0.802885 0.421875 0.006010 0.013221
0 0.826923 0.421875 0.008413 0.014423
0 0.864183 0.417067 0.007212 0.015625
0 0.509615 0.540865 0.018029 0.034856
0 0.625000 0.518029 0.018029 0.031250
0 0.782452 0.550481 0.024038 0.042067
0 0.926683 0.415865 0.008413 0.020433
0 0.895433 0.421875 0.007212 0.020433
0 0.856971 0.424279 0.012019 0.024038
0 0.830529 0.424279 0.007212 0.015625
0 0.800481 0.430288 0.010817 0.019231
0 0.740385 0.437500 0.007212 0.018029
0 0.296875 0.520433 0.010817 0.028846
