0 0.816678 0.401087 0.028203 0.100000
0 0.169046 0.228804 0.006616 0.025000
0 0.896588 0.179891 0.006267 0.025000
0 0.546657 0.583696 0.050836 0.180435
0 0.282382 0.213587 0.005571 0.025000
0 0.811804 0.180435 0.005223 0.023913
0 0.227890 0.210326 0.005223 0.022826
0 0.425313 0.190761 0.003830 0.018478
0 0.146936 0.219022 0.005571 0.020652
0 0.787256 0.172283 0.004875 0.018478
0 0.075035 0.221196 0.005223 0.020652
0 0.389624 0.184239 0.002089 0.014130
0 0.662082 0.172283 0.003830 0.016304
0 0.858461 0.172283 0.005223 0.020652
0 0.948642 0.169565 0.004526 0.021739
0 0.634401 0.177174 0.004178 0.017391
0 0.356894 0.199457 0.004875 0.020652
0 0.305710 0.193478 0.002786 0.010870
0 0.809714 0.159239 0.003830 0.014130
0 0.698642 0.175000 0.004526 0.019565
0 0.764276 0.158152 0.002786 0.011957
0 0.586351 0.175000 0.002786 0.015217
0 0.559366 0.171196 0.002437 0.009783
0 0.741818 0.169565 0.003830 0.017391
0 0.752611 0.162500 0.002437 0.014130
0 0.436107 0.183696 0.003134 0.015217
0 0.711699 0.164674 0.003482 0.014130
0 0.582347 0.180435 0.003830 0.017391
0 0.105850 0.213043 0.002786 0.015217
0 0.510794 0.179348 0.003482 0.015217
0 0.825209 0.157065 0.002786 0.009783
0 0.468141 0.179891 0.002437 0.011957
0 0.865077 0.158152 0.003830 0.011957
0 0.753830 0.179348 0.005571 0.019565
0 0.670787 0.170109 0.003134 0.011957
0 0.363336 0.192391 0.003830 0.015217
0 0.914171 0.156522 0.003830 0.008696
0 0.530989 0.182609 0.003482 0.015217
0 0.881093 0.155435 0.003134 0.006522
0 0.570334 0.171739 0.002089 0.010870
0 0.132138 0.216304 0.003830 0.015217
0 0.504352 0.176087 0.002437 0.013043
0 0.184540 0.206522 0.002786 0.013043
0 0.170439 0.205435 0.003830 0.013043
0 0.300313 0.201630 0.004526 0.016304
0 0.247214 0.200000 0.002089 0.010870
0 0.614728 0.167935 0.002437 0.011957
0 0.717792 0.160870 0.002437 0.010870
0 0.484506 0.185326 0.003830 0.018478
0 0.432277 0.183152 0.002437 0.011957
0 0.517932 0.172826 0.002437 0.010870
0 0.337570 0.186957 0.002437 0.010870
0 0.472319 0.176630 0.001741 0.009783
0 0.298921 0.191304 0.002437 0.010870
0 0.668698 0.164674 0.003134 0.011957
0 0.613510 0.171739 0.002786 0.013043
0 0.430536 0.180435 0.002437 0.010870
0 0.393976 0.180435 0.002437 0.013043
0 0.353412 0.188043 0.002786 0.013043
0 0.266887 0.195109 0.002437 0.011957
0 0.233809 0.198370 0.002437 0.011957
