0 0.126596 0.389352 0.007447 0.021296
0 0.817819 0.457407 0.023936 0.050000
0 0.589096 0.476852 0.025000 0.057407
0 0.360638 0.525926 0.036170 0.081481
0 0.224202 0.383333 0.007979 0.018519
0 0.280319 0.377778 0.006383 0.016667
0 0.352926 0.366667 0.005851 0.012963
0 0.321809 0.370833 0.005319 0.013889
0 0.382181 0.362500 0.003723 0.012037
0 0.406649 0.360648 0.004787 0.012037
0 0.456383 0.360648 0.004255 0.013889
0 0.489096 0.364815 0.004787 0.012963
0 0.496809 0.368056 0.004255 0.013889
0 0.517287 0.373148 0.004787 0.012963
0 0.562766 0.377778 0.004255 0.014815
0 0.637500 0.379630 0.005851 0.016667
0 0.707447 0.381481 0.006383 0.016667
0 0.922606 0.378704 0.004787 0.020370
0 0.141489 0.377778 0.008511 0.020370
0 0.206649 0.372685 0.006915 0.017593
0 0.318883 0.360648 0.005851 0.013889
0 0.259309 0.368519 0.005851 0.014815
0 0.520213 0.360648 0.005319 0.012037
0 0.293351 0.364352 0.004787 0.013889
0 0.393617 0.357407 0.004255 0.012963
0 0.439894 0.358333 0.004255 0.011111
0 0.481915 0.360185 0.004255 0.011111
0 0.548936 0.365278 0.005319 0.013889
0 0.569947 0.369907 0.004787 0.013889
0 0.605319 0.375000 0.005319 0.014815
0 0.668085 0.375926 0.006383 0.016667
0 0.744415 0.376389 0.006915 0.017593
0 0.917819 0.375000 0.007979 0.020370
0 0.168883 0.438889 0.039894 0.035185
0 0.375798 0.396759 0.015426 0.017593
0 0.811968 0.370833 0.009043 0.026852
0 0.821011 0.375000 0.009043 0.029630
0 0.834840 0.371296 0.009043 0.025926
0 0.847872 0.374537 0.009574 0.030556
