0 0.461170 0.439352 0.015957 0.039815
0 0.828191 0.406481 0.012766 0.029630
0 0.574468 0.426389 0.015957 0.036111
0 0.689628 0.414815 0.014362 0.031481
0 0.140957 0.562037 0.046809 0.092593
0 0.895745 0.400000 0.012766 0.027778
0 0.276596 0.468519 0.025532 0.051852
0 0.820479 0.378241 0.007979 0.017593
0 0.780851 0.373611 0.006383 0.013889
0 0.766489 0.371296 0.005319 0.014815
0 0.883777 0.383333 0.009043 0.020370
0 0.772606 0.368981 0.004787 0.013889
0 0.789096 0.365278 0.004787 0.012037
0 0.758245 0.478704 0.029255 0.059259
0 0.798670 0.555556 0.045213 0.098148
0 0.888564 0.456944 0.025000 0.049074
0 0.877394 0.368981 0.005851 0.015741
0 0.910106 0.372222 0.007447 0.016667
0 0.893617 0.366667 0.005319 0.012963
