0 0.336170 0.548148 0.042553 0.092593
0 0.109574 0.388426 0.008511 0.019444
0 0.593085 0.487037 0.028723 0.064815
0 0.837234 0.465741 0.026596 0.055556
0 0.211702 0.382870 0.007447 0.017593
0 0.269947 0.375000 0.006915 0.016667
0 0.706649 0.381019 0.007979 0.017593
0 0.635372 0.378704 0.006915 0.016667
0 0.558245 0.376852 0.005851 0.014815
0 0.513032 0.371296 0.005851 0.012963
0 0.491489 0.366667 0.005319 0.012963
0 0.483777 0.362963 0.004787 0.012963
0 0.450798 0.360185 0.004787 0.012963
0 0.400266 0.359259 0.004787 0.012963
0 0.375000 0.360648 0.005319 0.012037
0 0.345213 0.364815 0.005319 0.012963
0 0.312766 0.368981 0.006383 0.015741
0 0.126862 0.375000 0.007979 0.018519
0 0.194415 0.370370 0.006915 0.016667
0 0.249468 0.365741 0.006383 0.016667
0 0.919947 0.374537 0.009043 0.019444
0 0.743883 0.375926 0.006915 0.016667
0 0.666223 0.374537 0.006915 0.015741
0 0.601596 0.373148 0.006383 0.014815
0 0.565957 0.368056 0.005319 0.013889
0 0.544681 0.363889 0.005319 0.012963
0 0.476862 0.357870 0.004787 0.012037
0 0.515160 0.360185 0.004787 0.012963
0 0.434043 0.355556 0.005319 0.011111
0 0.386702 0.354630 0.004255 0.011111
0 0.345479 0.355556 0.004787 0.011111
0 0.284574 0.361574 0.006383 0.013889
0 0.310904 0.358333 0.005851 0.014815
0 0.143085 0.442130 0.043617 0.037963
0 0.367819 0.394907 0.015426 0.017593
0 0.850000 0.374537 0.011702 0.030556
0 0.835638 0.370833 0.009574 0.026852
0 0.822606 0.375000 0.010106 0.029630
0 0.812500 0.370833 0.009043 0.026852
