0 0.480585 0.537963 0.036702 0.087037
0 0.765691 0.492130 0.031383 0.065741
0 0.103457 0.375926 0.006915 0.018519
0 0.157979 0.368519 0.006383 0.014815
0 0.198404 0.362963 0.005319 0.014815
0 0.234309 0.359259 0.004787 0.012963
0 0.263564 0.357407 0.004787 0.014815
0 0.320213 0.358796 0.005319 0.013889
0 0.355585 0.363426 0.004787 0.012037
0 0.364096 0.365278 0.004787 0.013889
0 0.386436 0.370833 0.004787 0.015741
0 0.434840 0.377778 0.004787 0.014815
0 0.515160 0.379630 0.006915 0.016667
0 0.587234 0.382870 0.006383 0.017593
0 0.797872 0.382407 0.007447 0.018519
0 0.857713 0.382870 0.007979 0.019444
0 0.786968 0.376852 0.006915 0.018519
0 0.081383 0.363889 0.007447 0.016667
0 0.126862 0.358333 0.006915 0.016667
0 0.159043 0.354630 0.006383 0.016667
0 0.200798 0.353704 0.005851 0.014815
0 0.249468 0.352778 0.005319 0.014815
0 0.302394 0.354630 0.005851 0.014815
0 0.349202 0.357407 0.004787 0.012963
0 0.389628 0.359722 0.004787 0.012037
0 0.420213 0.363889 0.005319 0.012963
0 0.442819 0.368519 0.005851 0.014815
0 0.479787 0.374537 0.005319 0.015741
0 0.545213 0.375463 0.006383 0.017593
0 0.621809 0.376389 0.006383 0.015741
0 0.920479 0.378704 0.007979 0.018519
0 0.218617 0.399537 0.020213 0.021296
0 0.687500 0.372685 0.009043 0.026852
0 0.699734 0.376852 0.010106 0.029630
0 0.709309 0.372222 0.009043 0.027778
0 0.725000 0.376852 0.011702 0.029630
