0 0.078723 0.388889 0.008511 0.029630
0 0.173404 0.391667 0.012766 0.029630
0 0.234840 0.409259 0.014362 0.035185
0 0.273404 0.446296 0.022340 0.050000
0 0.178457 0.528241 0.039894 0.087963
0 0.425000 0.381481 0.011702 0.012963
0 0.344681 0.368981 0.009574 0.012037
0 0.255585 0.362037 0.009043 0.011111
0 0.214096 0.360648 0.010106 0.010185
0 0.196809 0.376852 0.009574 0.024074
0 0.322074 0.387500 0.012234 0.026852
0 0.408777 0.404167 0.012234 0.028704
0 0.488032 0.424537 0.016489 0.037963
0 0.542287 0.462500 0.023936 0.052778
0 0.747606 0.605556 0.059043 0.125926
