0 0.782713 0.432870 0.020745 0.041667
0 0.390160 0.497222 0.031383 0.072222
0 0.111170 0.393519 0.015957 0.037037
0 0.356117 0.444907 0.021809 0.050926
0 0.257447 0.409722 0.017021 0.036111
0 0.232713 0.692593 0.090957 0.175926
0 0.395745 0.393056 0.014894 0.030556
0 0.527926 0.418519 0.017553 0.038889
0 0.217553 0.377778 0.013830 0.025926
0 0.638298 0.353241 0.008511 0.017593
0 0.735372 0.412500 0.016489 0.034259
0 0.559840 0.402778 0.014362 0.033333
0 0.663298 0.353241 0.008511 0.019444
0 0.708245 0.370833 0.009043 0.023148
0 0.571011 0.382870 0.011170 0.028704
0 0.580585 0.368056 0.009043 0.025000
0 0.587234 0.356944 0.006383 0.021296
0 0.592021 0.351852 0.005319 0.020370
0 0.613564 0.351389 0.006915 0.019444
0 0.685106 0.352778 0.005319 0.020370
0 0.694681 0.359722 0.006383 0.025000
0 0.721809 0.387963 0.011702 0.035185
0 0.331649 0.563426 0.064362 0.187963
