0 0.222340 0.551852 0.041489 0.092593
0 0.174202 0.477778 0.027128 0.059259
0 0.105319 0.447222 0.022340 0.046296
0 0.800532 0.408796 0.008511 0.023148
0 0.651862 0.395370 0.007979 0.018519
0 0.166755 0.410185 0.014362 0.031481
0 0.292287 0.409722 0.015426 0.032407
0 0.356915 0.419444 0.018085 0.035185
0 0.458511 0.443056 0.022340 0.047222
0 0.647872 0.493519 0.030851 0.068519
0 0.794149 0.406944 0.008511 0.023148
0 0.789628 0.400463 0.006915 0.019444
0 0.781915 0.396759 0.006383 0.017593
0 0.777660 0.392593 0.005319 0.016667
0 0.771011 0.387963 0.005851 0.014815
0 0.760372 0.383796 0.004787 0.013889
0 0.647606 0.393981 0.006915 0.019444
