0 0.162557 0.592389 0.178125 0.459259
0 0.296354 0.542593 0.136458 0.392593
0 0.350000 0.419444 0.064583 0.264815
0 0.384896 0.496296 0.113542 0.340741
0 0.438021 0.491667 0.005208 0.001852
0 0.422917 0.398148 0.079167 0.222222
0 0.514062 0.369444 0.073958 0.198148
0 0.480729 0.329630 0.048958 0.162963
0 0.669792 0.425926 0.102083 0.255556
0 0.742188 0.392593 0.090625 0.225926
0 0.802604 0.501852 0.130208 0.337037
0 0.851042 0.335185 0.058333 0.174074
0 0.892245 0.569037 0.170833 0.416667
0 0.881771 0.328704 0.040625 0.150000
