0 0.164894 0.539815 0.038298 0.083333
0 0.160638 0.383333 0.007447 0.020370
0 0.287234 0.378241 0.006383 0.019444
0 0.322340 0.349537 0.004255 0.008333
0 0.250266 0.350000 0.004787 0.009259
0 0.378989 0.465741 0.021809 0.051852
0 0.486968 0.425926 0.014362 0.035185
0 0.510106 0.366204 0.006383 0.017593
0 0.608245 0.360648 0.006915 0.017593
0 0.592819 0.399074 0.011170 0.027778
0 0.677394 0.384722 0.009043 0.025000
0 0.680585 0.359722 0.005851 0.019444
0 0.698404 0.345370 0.005319 0.009259
0 0.734309 0.376389 0.009043 0.021296
0 0.752660 0.365278 0.006383 0.017593
0 0.813032 0.342130 0.005851 0.010185
0 0.912766 0.338889 0.007447 0.011111
0 0.785106 0.575000 0.053191 0.107407
0 0.911436 0.384722 0.013298 0.028704
0 0.882979 0.360185 0.009574 0.022222
0 0.828191 0.403241 0.014894 0.034259
0 0.718085 0.468981 0.025532 0.060185
0 0.740160 0.350926 0.006915 0.018519
0 0.409840 0.373148 0.006915 0.018519
0 0.726330 0.429167 0.018617 0.041667
0 0.654255 0.351389 0.006383 0.019444
0 0.422074 0.362037 0.007979 0.016667
0 0.397872 0.344907 0.006383 0.015741
0 0.120479 0.372685 0.005851 0.017593
0 0.220479 0.369907 0.006915 0.019444
0 0.317819 0.366667 0.005851 0.018519
0 0.507447 0.357407 0.006383 0.016667
0 0.576064 0.354167 0.006383 0.017593
0 0.815957 0.356019 0.007447 0.019444
0 0.087766 0.420370 0.026596 0.025926
0 0.122872 0.366204 0.015957 0.015741
