0 0.158594 0.507870 0.212500 0.499074
0 0.295052 0.491667 0.165625 0.422222
0 0.357812 0.383333 0.084896 0.277778
0 0.386198 0.468056 0.139063 0.365741
0 0.439323 0.476389 0.005208 0.002778
0 0.431510 0.380093 0.095833 0.239815
0 0.524219 0.374074 0.088542 0.214815
0 0.494271 0.326389 0.061458 0.173148
0 0.673958 0.468519 0.121354 0.278704
0 0.748177 0.453704 0.107292 0.246296
0 0.799479 0.576852 0.155208 0.365741
0 0.860417 0.423611 0.071354 0.187037
0 0.883073 0.665278 0.201563 0.454630
0 0.891406 0.425000 0.052083 0.158333
