0 0.118620 0.396333 0.123844 0.391083
0 0.042943 0.198528 0.070406 0.247324
0 0.331578 0.596657 0.187266 0.521352
0 0.332844 0.433102 0.133542 0.383130
0 0.708094 0.745769 0.206958 0.508463
0 0.379943 0.174602 0.054823 0.180954
0 0.351292 0.151731 0.045448 0.161130
0 0.401594 0.149750 0.037714 0.160870
0 0.132755 0.173935 0.064615 0.220361
0 0.430245 0.193380 0.055427 0.196287
0 0.464547 0.221148 0.051115 0.199972
0 0.492078 0.258704 0.085349 0.230630
0 0.592458 0.358528 0.104854 0.293250
0 0.576906 0.276944 0.080000 0.230083
0 0.752437 0.466426 0.112318 0.360898
0 0.816130 0.394898 0.056370 0.303019
