0 0.679255 0.538889 0.036170 0.075926
0 0.240160 0.550926 0.038830 0.079630
0 0.602128 0.484722 0.024468 0.052778
0 0.562500 0.458796 0.017553 0.041667
0 0.329255 0.463889 0.017021 0.040741
0 0.539096 0.438889 0.013298 0.033333
0 0.304255 0.491667 0.022340 0.051852
0 0.351862 0.441667 0.013298 0.033333
0 0.900532 0.703241 0.048936 0.152778
0 0.367021 0.427778 0.010638 0.027778
0 0.525798 0.425926 0.011170 0.027778
0 0.441223 0.408333 0.012234 0.040741
0 0.473404 0.407407 0.011702 0.038889
0 0.409840 0.408796 0.011170 0.039815
0 0.508511 0.407870 0.013830 0.039815
0 0.375532 0.410185 0.010638 0.040741
