0 0.024038 0.668269 0.046875 0.049279
0 0.659856 0.175481 0.025240 0.055288
0 0.733173 0.111779 0.019231 0.038462
0 0.850962 0.082933 0.019231 0.036058
0 0.591346 0.086538 0.015625 0.034856
0 0.086538 0.498798 0.050481 0.098558
0 0.187500 0.335337 0.033654 0.068510
0 0.234375 0.265625 0.030048 0.055288
0 0.739183 0.290865 0.038462 0.078125
0 0.651442 0.137019 0.016827 0.039663
0 0.896635 0.054087 0.015625 0.031250
0 0.895433 0.034856 0.014423 0.025240
0 0.858173 0.020433 0.013221 0.020433
0 0.620192 0.068510 0.010817 0.026442
0 0.990385 0.859375 0.016827 0.046875
