0 0.174965 0.569373 0.028900 0.040808
0 0.254875 0.511383 0.009749 0.015034
0 0.364206 0.515464 0.010446 0.015464
0 0.392061 0.508376 0.007660 0.012457
0 0.536386 0.504940 0.006616 0.009880
0 0.593663 0.509021 0.006964 0.010309
0 0.633008 0.523840 0.010446 0.016753
0 0.681755 0.513531 0.007660 0.012457
0 0.691852 0.521692 0.009749 0.015893
0 0.724930 0.541452 0.013928 0.023625
0 0.765843 0.524055 0.010794 0.016323
0 0.891887 0.561856 0.024721 0.030069
0 0.937848 0.545318 0.019847 0.023625
0 0.497040 0.558419 0.023329 0.032646
0 0.529248 0.534579 0.015320 0.021907
0 0.486595 0.658076 0.046309 0.078179
0 0.314415 0.528136 0.014624 0.022766
0 0.460132 0.506014 0.007312 0.012027
0 0.462744 0.511813 0.008357 0.014175
0 0.470926 0.502577 0.005919 0.010309
0 0.514798 0.519115 0.010794 0.017612
0 0.592967 0.503866 0.005571 0.009450
0 0.648851 0.508591 0.006616 0.011168
0 0.672702 0.515249 0.007660 0.013316
0 0.719185 0.516538 0.008008 0.014175
0 0.852716 0.533076 0.013928 0.019759
0 0.552925 0.508591 0.006267 0.011168
0 0.569638 0.502792 0.005571 0.009021
0 0.603760 0.513746 0.006964 0.012887
0 0.605501 0.517612 0.009053 0.014605
0 0.643454 0.525988 0.010446 0.017612
0 0.663823 0.509880 0.006616 0.011168
0 0.794742 0.539519 0.012883 0.021478
0 0.783252 0.561426 0.023329 0.031787
0 0.818767 0.523411 0.010097 0.015034
