0 0.355327 0.617912 0.037953 0.059708
0 0.212396 0.553265 0.022981 0.033505
0 0.373781 0.518256 0.010097 0.016753
0 0.511664 0.523840 0.010794 0.017612
0 0.684889 0.529210 0.011838 0.018900
0 0.822423 0.546177 0.016017 0.023625
0 0.869951 0.563789 0.019150 0.030498
0 0.903552 0.544029 0.015320 0.021907
0 0.253134 0.518900 0.012535 0.018900
0 0.302925 0.530928 0.015320 0.024055
0 0.427228 0.512242 0.009053 0.014175
0 0.451428 0.556057 0.021240 0.033076
0 0.556058 0.519115 0.008357 0.015893
0 0.704909 0.533935 0.012187 0.019759
0 0.749304 0.579253 0.026462 0.039948
0 0.759227 0.532646 0.010794 0.018900
0 0.389276 0.511383 0.009053 0.014175
0 0.458740 0.527277 0.013579 0.020189
0 0.592270 0.521048 0.009749 0.016323
0 0.605327 0.535653 0.014276 0.021478
0 0.696205 0.547895 0.014972 0.025344
0 0.909993 0.538015 0.009401 0.019330
0 0.934366 0.569373 0.026114 0.032216
