0 0.104167 0.321759 0.156250 0.378083
0 0.220052 0.293213 0.113714 0.333333
0 0.299911 0.270833 0.096354 0.297843
0 0.352865 0.208333 0.056422 0.216046
0 0.262151 0.222222 0.045141 0.243824
0 0.400172 0.169750 0.038193 0.157407
0 0.430557 0.198306 0.071182 0.186731
0 0.559896 0.247685 0.086807 0.229935
0 0.618198 0.230713 0.056422 0.205250
0 0.647130 0.304009 0.082464 0.287037
0 0.705297 0.346454 0.134547 0.334880
0 0.752604 0.198306 0.039932 0.158954
0 0.777776 0.194444 0.046875 0.145065
0 0.847224 0.397380 0.152776 0.378083
