0 0.628482 0.391304 0.014624 0.056522
0 0.474060 0.493478 0.026811 0.117391
0 0.622214 0.341304 0.012535 0.063043
0 0.418350 0.305978 0.009401 0.038043
0 0.136664 0.404348 0.033078 0.104348
0 0.372040 0.261957 0.005919 0.023913
0 0.846100 0.414130 0.012535 0.045652
0 0.547528 0.338043 0.009401 0.041304
0 0.818942 0.364674 0.008357 0.029348
0 0.258705 0.245109 0.006964 0.027174
0 0.324164 0.267935 0.007660 0.029348
0 0.336873 0.260870 0.007312 0.026087
0 0.346971 0.282609 0.008008 0.034783
0 0.852019 0.384239 0.008357 0.033696
0 0.758531 0.341304 0.006616 0.023913
0 0.742514 0.357609 0.007312 0.030435
0 0.750696 0.383696 0.014624 0.071739
0 0.642758 0.354348 0.006964 0.036957
0 0.336177 0.347826 0.015669 0.063043
0 0.472667 0.275543 0.005223 0.020652
0 0.418698 0.267391 0.005919 0.021739
0 0.110724 0.316304 0.018802 0.067391
0 0.728760 0.395652 0.013231 0.047826
0 0.538301 0.410870 0.018802 0.073913
0 0.329735 0.308152 0.011142 0.046739
0 0.898329 0.390217 0.008357 0.030435
0 0.708914 0.379348 0.020195 0.078261
0 0.234680 0.270109 0.009053 0.038043
0 0.659123 0.346739 0.012535 0.058696
0 0.316330 0.247283 0.005223 0.022826
0 0.224234 0.251087 0.007660 0.030435
0 0.587744 0.300000 0.004875 0.021739
0 0.649025 0.315761 0.004875 0.020652
0 0.697597 0.331522 0.005919 0.023913
0 0.520195 0.278804 0.004178 0.020652
0 0.383357 0.255435 0.004875 0.021739
0 0.604457 0.298370 0.004875 0.018478
0 0.732765 0.346196 0.007312 0.027174
0 0.688022 0.319565 0.005571 0.021739
0 0.155815 0.284239 0.014276 0.051087
0 0.715877 0.361957 0.007660 0.034783
0 0.455084 0.266304 0.004875 0.019565
0 0.523155 0.284783 0.004526 0.021739
0 0.562152 0.776630 0.026811 0.142391
