0 0.131790 0.650773 0.061630 0.055842
0 0.487813 0.515893 0.012535 0.019759
0 0.544046 0.503007 0.009401 0.015464
0 0.885446 0.612543 0.056407 0.069588
0 0.770369 0.504940 0.012883 0.020189
0 0.778900 0.479167 0.004178 0.009880
0 0.817026 0.473797 0.006616 0.009450
0 0.808496 0.471435 0.005571 0.008162
0 0.394499 0.553479 0.020195 0.027921
0 0.874652 0.563574 0.043872 0.032646
0 0.806407 0.518471 0.021588 0.027491
0 0.829735 0.480670 0.007660 0.012027
0 0.741992 0.491409 0.009053 0.014605
0 0.781163 0.486899 0.008705 0.012457
0 0.534819 0.533505 0.017409 0.022337
0 0.856546 0.503651 0.015320 0.021048
0 0.841748 0.486469 0.008705 0.013316
0 0.844533 0.475515 0.005919 0.010309
0 0.756616 0.497208 0.010446 0.016753
