0 0.890748 0.412722 0.214567 0.724852
0 0.687992 0.328402 0.210630 0.550296
0 0.520669 0.272189 0.183071 0.455621
0 0.394685 0.239645 0.135827 0.402367
0 0.268701 0.201183 0.116142 0.337278
0 0.203740 0.180473 0.084646 0.301775
0 0.152559 0.164201 0.072835 0.269231
0 0.103346 0.149408 0.064961 0.245562
0 0.045276 0.125740 0.051181 0.221893
0 0.871063 0.125740 0.080709 0.215976
0 0.786417 0.119822 0.088583 0.204142
0 0.638780 0.105030 0.061024 0.180473
0 0.591535 0.100592 0.057087 0.165680
0 0.449803 0.082840 0.037402 0.142012
0 0.351378 0.075444 0.049213 0.115385
0 0.321850 0.073964 0.033465 0.112426
