0 0.577394 0.387037 0.007979 0.018519
0 0.460904 0.439815 0.015426 0.040741
0 0.506117 0.378704 0.006915 0.016667
0 0.102394 0.375926 0.007979 0.018519
0 0.603989 0.412037 0.011170 0.029630
0 0.617819 0.397685 0.007979 0.023148
0 0.419415 0.375000 0.007979 0.014815
0 0.324202 0.372222 0.006915 0.016667
0 0.152128 0.439352 0.015957 0.039815
0 0.493883 0.395833 0.009043 0.023148
0 0.341489 0.422222 0.014894 0.033333
0 0.824202 0.675463 0.078191 0.152778
0 0.122340 0.380093 0.008511 0.019444
0 0.217021 0.376852 0.007447 0.018519
0 0.302128 0.377315 0.007447 0.017593
0 0.371809 0.378704 0.008511 0.018519
0 0.436968 0.382870 0.007979 0.017593
0 0.480585 0.388426 0.009043 0.021296
0 0.419149 0.487037 0.021277 0.062963
0 0.462500 0.406481 0.012234 0.027778
0 0.770213 0.487037 0.029787 0.064815
0 0.694415 0.438426 0.018617 0.039815
0 0.917287 0.365741 0.011170 0.027778
0 0.845213 0.369444 0.007447 0.027778
