0 0.819947 0.590278 0.049468 0.102778
0 0.599468 0.438426 0.014894 0.036111
0 0.634043 0.461111 0.021277 0.046296
0 0.576862 0.425000 0.012234 0.029630
0 0.702128 0.504630 0.030851 0.064815
0 0.232447 0.604630 0.044681 0.105556
0 0.393617 0.442593 0.014894 0.035185
0 0.369681 0.466204 0.021277 0.047222
0 0.325000 0.513889 0.028723 0.066667
0 0.553989 0.404630 0.009043 0.022222
0 0.426330 0.406019 0.009043 0.023148
0 0.404521 0.428241 0.011170 0.030556
0 0.416755 0.414815 0.010106 0.025926
0 0.562500 0.414352 0.010106 0.025000
0 0.459574 0.391667 0.009574 0.033333
0 0.485638 0.390741 0.009574 0.033333
0 0.511968 0.390741 0.009043 0.033333
0 0.541223 0.390741 0.010106 0.031481
0 0.431117 0.392593 0.006915 0.031481
