0 0.157266 0.326009 0.084948 0.238685
0 0.199656 0.358796 0.088479 0.250185
0 0.224344 0.292111 0.069104 0.205713
0 0.264500 0.274148 0.056599 0.173481
0 0.274547 0.388981 0.082010 0.269824
0 0.313917 0.428435 0.098250 0.288722
0 0.468177 0.454926 0.088021 0.283176
0 0.493693 0.553463 0.128635 0.361731
0 0.441411 0.257657 0.044901 0.144213
0 0.465156 0.276185 0.050729 0.151620
0 0.513068 0.294889 0.054891 0.164593
0 0.549318 0.316185 0.052385 0.172380
0 0.574729 0.342861 0.069875 0.196093
0 0.639828 0.361565 0.066328 0.200176
0 0.663682 0.420657 0.085276 0.233157
0 0.678469 0.394537 0.085693 0.214259
0 0.775542 0.686444 0.146505 0.427713
0 0.799714 0.493815 0.086505 0.279481
0 0.846792 0.456028 0.055667 0.248361
