0 0.353457 0.625676 0.025000 0.041892
0 0.390957 0.598649 0.017021 0.029730
0 0.413032 0.583446 0.012234 0.022297
0 0.427128 0.573986 0.009574 0.018243
0 0.434574 0.568581 0.008511 0.015541
0 0.439362 0.563851 0.006383 0.012838
0 0.443351 0.561486 0.005851 0.010811
0 0.447872 0.558446 0.004255 0.010135
0 0.450000 0.556419 0.003191 0.008784
0 0.452394 0.553716 0.003723 0.008784
0 0.444681 0.553378 0.003191 0.008108
0 0.426330 0.553378 0.003723 0.008108
0 0.406383 0.553716 0.005319 0.008784
0 0.354787 0.556081 0.004255 0.008108
0 0.295479 0.559459 0.004787 0.009459
0 0.268617 0.566216 0.006383 0.013514
0 0.263298 0.569932 0.006383 0.014189
0 0.230585 0.566216 0.005851 0.012162
0 0.198138 0.566216 0.004787 0.010811
0 0.206383 0.564865 0.005319 0.010811
0 0.173404 0.578041 0.009574 0.016892
0 0.077128 0.584459 0.005319 0.020270
0 0.231915 0.562500 0.005319 0.010135
0 0.650266 0.623986 0.028191 0.042568
0 0.606383 0.597973 0.019149 0.028378
0 0.576064 0.583108 0.013830 0.021622
0 0.558245 0.574324 0.010106 0.017568
0 0.548404 0.568243 0.008511 0.014865
0 0.535372 0.563514 0.006915 0.012162
0 0.528723 0.560473 0.005319 0.011486
0 0.525532 0.557770 0.004255 0.008784
0 0.522340 0.555405 0.003191 0.008108
0 0.518883 0.554054 0.003723 0.006757
0 0.511170 0.552703 0.004255 0.006757
0 0.485372 0.552365 0.003723 0.007432
0 0.462500 0.552703 0.003723 0.008108
0 0.428457 0.552365 0.003723 0.007432
0 0.397872 0.553716 0.004255 0.008784
0 0.373138 0.553716 0.004787 0.008784
0 0.321809 0.557095 0.004255 0.008784
0 0.263830 0.560135 0.004255 0.008108
0 0.200000 0.562500 0.004255 0.008784
0 0.154787 0.565541 0.005319 0.010811
0 0.149202 0.574662 0.006915 0.014189
0 0.141489 0.575338 0.007447 0.015541
0 0.135638 0.567568 0.006383 0.012162
0 0.128457 0.573311 0.006915 0.014189
0 0.123670 0.568919 0.004787 0.010811
0 0.118883 0.570608 0.004787 0.011486
0 0.088564 0.579054 0.010106 0.017568
0 0.781915 0.701014 0.056383 0.076351
0 0.246011 0.693243 0.049468 0.075676
