0 0.914096 0.628378 0.020745 0.032432
0 0.746543 0.629730 0.021809 0.035135
0 0.352660 0.571284 0.011702 0.020946
0 0.572340 0.641216 0.034043 0.045946
0 0.726330 0.593919 0.013298 0.022973
0 0.348936 0.679392 0.047872 0.070946
0 0.868085 0.584459 0.011702 0.017568
0 0.819149 0.590203 0.012766 0.019595
0 0.244415 0.559459 0.010106 0.017568
0 0.898936 0.581757 0.011702 0.016216
0 0.561436 0.590541 0.014362 0.022973
0 0.919149 0.582432 0.008511 0.014865
0 0.200798 0.552703 0.007979 0.016216
0 0.641755 0.569932 0.010106 0.016892
0 0.505053 0.570270 0.009043 0.016216
0 0.406117 0.561824 0.010106 0.015541
0 0.462766 0.567905 0.010638 0.016892
0 0.371809 0.557432 0.009574 0.013514
0 0.722872 0.567905 0.010638 0.015541
0 0.338564 0.552365 0.006915 0.012838
0 0.880585 0.576014 0.007979 0.011486
0 0.556383 0.573649 0.012766 0.020270
0 0.328989 0.548986 0.006915 0.011486
0 0.894415 0.567905 0.006915 0.011486
0 0.837766 0.565878 0.006383 0.011486
0 0.787500 0.570608 0.006915 0.012838
0 0.319149 0.546622 0.005319 0.012162
0 0.310372 0.543581 0.004787 0.011486
