0 0.151330 0.518056 0.029255 0.058333
0 0.828457 0.407407 0.010106 0.020370
0 0.414894 0.479167 0.018085 0.043519
0 0.343883 0.423611 0.009043 0.021296
0 0.611436 0.425463 0.010106 0.019444
0 0.421277 0.431019 0.010638 0.023148
0 0.858511 0.588426 0.047872 0.102778
0 0.238032 0.419444 0.009043 0.020370
0 0.480053 0.456481 0.011170 0.031481
0 0.706649 0.414815 0.007979 0.020370
0 0.722074 0.477315 0.019681 0.045370
0 0.702128 0.430093 0.010638 0.025000
0 0.777926 0.421759 0.011170 0.025000
0 0.878191 0.416204 0.011702 0.023148
0 0.326862 0.578704 0.045213 0.092593
0 0.275532 0.412037 0.008511 0.020370
0 0.145479 0.412037 0.009043 0.020370
0 0.401596 0.417130 0.008511 0.019444
0 0.644415 0.455556 0.013298 0.042593
0 0.650266 0.441204 0.009043 0.032407
0 0.487500 0.425463 0.007979 0.025000
0 0.591489 0.419444 0.007447 0.020370
0 0.584309 0.410648 0.006915 0.017593
0 0.576330 0.402778 0.004787 0.014815
0 0.567287 0.396759 0.004787 0.013889
0 0.560106 0.393519 0.004255 0.012963
0 0.545213 0.393519 0.005319 0.012963
0 0.527660 0.393519 0.006383 0.012963
0 0.510372 0.393519 0.005851 0.012963
0 0.639894 0.440278 0.015957 0.054630
0 0.659574 0.451852 0.018085 0.064815
0 0.497074 0.418981 0.005851 0.019444
0 0.481117 0.440741 0.017553 0.050000
0 0.468617 0.451389 0.013830 0.058333
