0 0.819681 0.429630 0.012766 0.027778
0 0.345745 0.496759 0.029787 0.062037
0 0.240160 0.580093 0.048404 0.100926
0 0.430319 0.423148 0.013830 0.033333
0 0.401330 0.449074 0.016489 0.040741
0 0.506117 0.414815 0.012234 0.025926
0 0.606117 0.418056 0.012234 0.025000
0 0.709309 0.422222 0.010106 0.024074
0 0.793351 0.443519 0.015426 0.035185
0 0.681915 0.496759 0.026596 0.065741
0 0.781649 0.590741 0.047340 0.112963
0 0.705053 0.434722 0.012234 0.030556
0 0.638830 0.431019 0.014894 0.032407
0 0.616755 0.451852 0.018617 0.044444
0 0.611702 0.438889 0.015957 0.037037
0 0.351330 0.391204 0.009043 0.012037
0 0.525532 0.394444 0.006383 0.009259
0 0.667819 0.391667 0.005851 0.009259
0 0.765426 0.391204 0.005319 0.008333
0 0.841755 0.393519 0.010106 0.011111
