0 0.168526 0.466935 0.127234 0.388889
0 0.263766 0.710315 0.218005 0.579361
0 0.116073 0.354500 0.072917 0.301583
0 0.376859 0.535056 0.156995 0.437833
0 0.255953 0.269843 0.075891 0.230157
0 0.212427 0.397491 0.060266 0.337306
0 0.329240 0.253972 0.063245 0.203704
0 0.902901 0.674602 0.170385 0.507935
0 0.736609 0.487435 0.135417 0.363759
0 0.813615 0.440472 0.084078 0.314815
0 0.674109 0.357806 0.098214 0.257935
0 0.628349 0.285056 0.054318 0.202380
0 0.584823 0.264546 0.066964 0.190472
0 0.617932 0.236769 0.031995 0.166667
