0 0.854109 0.233696 0.007660 0.030435
0 0.810237 0.291848 0.013928 0.051087
0 0.753134 0.373370 0.023677 0.085870
0 0.230850 0.327717 0.010446 0.044565
0 0.839136 0.254348 0.009749 0.039130
0 0.536038 0.678261 0.060237 0.221739
0 0.871866 0.210870 0.004875 0.021739
0 0.876915 0.203804 0.004526 0.018478
0 0.864728 0.220109 0.006616 0.025000
0 0.880745 0.198370 0.003830 0.016304
0 0.940634 0.189674 0.003134 0.014130
0 0.947597 0.198370 0.005223 0.018478
0 0.936281 0.187500 0.002786 0.011957
0 0.944812 0.192935 0.003830 0.016304
0 0.883531 0.194565 0.003134 0.015217
0 0.831302 0.189674 0.002437 0.011957
0 0.885446 0.191304 0.002786 0.013043
0 0.935585 0.181522 0.003482 0.019565
0 0.887535 0.185326 0.002786 0.020652
