0 0.118733 0.573454 0.020195 0.027491
0 0.250696 0.629725 0.040390 0.054124
0 0.419046 0.554124 0.012883 0.018900
0 0.429492 0.541452 0.009401 0.014175
0 0.462396 0.533935 0.007660 0.011168
0 0.496518 0.562930 0.016017 0.023625
0 0.505397 0.529854 0.006616 0.009880
0 0.581302 0.528136 0.005919 0.009021
0 0.601323 0.593428 0.025070 0.039089
0 0.643802 0.527491 0.006267 0.009450
0 0.694116 0.528780 0.007312 0.010309
0 0.686804 0.552191 0.012187 0.020189
0 0.737117 0.530498 0.007660 0.011168
0 0.785515 0.533290 0.008357 0.012457
0 0.790042 0.653136 0.043872 0.069158
0 0.181407 0.555842 0.015320 0.020619
0 0.336003 0.544888 0.010446 0.015893
0 0.528900 0.566581 0.018106 0.025773
0 0.518628 0.539304 0.010097 0.015034
0 0.685759 0.544459 0.011490 0.017612
0 0.841922 0.549613 0.016017 0.020189
0 0.942549 0.558204 0.016713 0.025344
0 0.238162 0.572380 0.018106 0.027921
0 0.327994 0.549399 0.011142 0.017182
0 0.487291 0.541881 0.009401 0.015034
0 0.595230 0.540378 0.010097 0.014605
0 0.659471 0.564003 0.016713 0.026632
0 0.755223 0.592569 0.029248 0.039948
