0 0.319947 0.526389 0.030319 0.069444
0 0.173138 0.681019 0.064362 0.136111
0 0.707979 0.521759 0.031915 0.067593
0 0.908511 0.666204 0.032979 0.132407
0 0.575532 0.433796 0.012766 0.030556
0 0.632713 0.472222 0.019681 0.046296
0 0.595745 0.449537 0.017021 0.037963
0 0.367021 0.475000 0.020213 0.046296
0 0.406649 0.434259 0.011170 0.029630
0 0.418351 0.421759 0.010106 0.025000
0 0.390160 0.449537 0.014362 0.036111
0 0.562234 0.422222 0.010638 0.025926
0 0.553723 0.414815 0.008511 0.022222
0 0.543883 0.407870 0.007979 0.019444
0 0.537234 0.403241 0.006383 0.017593
0 0.530319 0.398611 0.005319 0.015741
0 0.526596 0.394444 0.004255 0.014815
0 0.523936 0.390741 0.004255 0.012963
0 0.427660 0.413889 0.008511 0.022222
0 0.433511 0.406481 0.006383 0.018519
0 0.438564 0.401852 0.005851 0.016667
0 0.441223 0.398611 0.003723 0.015741
0 0.444415 0.392593 0.004787 0.014815
0 0.448138 0.389815 0.004787 0.012963
0 0.483777 0.382407 0.005851 0.020370
0 0.467553 0.382407 0.006383 0.020370
0 0.500266 0.382407 0.006915 0.020370
0 0.449734 0.382407 0.005851 0.018519
0 0.323138 0.502315 0.033511 0.104630
0 0.332979 0.497222 0.021277 0.101852
0 0.702660 0.497222 0.034043 0.105556
0 0.688298 0.493519 0.023404 0.100000
0 0.518351 0.382870 0.004787 0.021296
