0 0.259575 0.509021 0.009401 0.014605
0 0.170613 0.518471 0.012535 0.018900
0 0.243907 0.553694 0.021240 0.033505
0 0.464485 0.506443 0.005571 0.012027
0 0.517758 0.511598 0.007660 0.012887
0 0.610724 0.520189 0.010446 0.016323
0 0.591748 0.532646 0.012883 0.021478
0 0.690286 0.537586 0.013579 0.022766
0 0.735550 0.656357 0.054666 0.077320
0 0.911560 0.588918 0.034819 0.043814
0 0.513753 0.577105 0.030292 0.043385
0 0.392584 0.503436 0.006616 0.011168
0 0.356894 0.506873 0.008357 0.013746
0 0.320857 0.514820 0.010794 0.016753
0 0.332695 0.526847 0.014972 0.023625
0 0.540912 0.505799 0.006616 0.011598
0 0.591226 0.522552 0.010446 0.016753
0 0.592444 0.512242 0.008008 0.013316
0 0.650244 0.525129 0.011490 0.018471
0 0.795265 0.558204 0.022284 0.031357
0 0.453517 0.653136 0.054666 0.080326
0 0.485898 0.540593 0.017061 0.026203
0 0.487987 0.524699 0.012883 0.019330
0 0.509575 0.518471 0.010097 0.016323
0 0.514450 0.504296 0.005223 0.010309
0 0.605153 0.514175 0.006964 0.013746
0 0.668872 0.573024 0.026462 0.036942
0 0.774199 0.538015 0.015669 0.022766
