0 0.187326 0.811211 0.098886 0.157646
0 0.315286 0.424828 0.012883 0.019759
0 0.263057 0.501289 0.014276 0.023196
0 0.216226 0.527921 0.026462 0.034364
0 0.211873 0.497637 0.017061 0.021907
0 0.131964 0.482818 0.012535 0.018041
0 0.139102 0.471864 0.007312 0.012457
0 0.068071 0.446521 0.008008 0.010739
0 0.496344 0.614476 0.043524 0.069158
0 0.357939 0.551117 0.025070 0.042096
0 0.366992 0.525558 0.019499 0.031357
0 0.268802 0.428265 0.009053 0.015464
0 0.227890 0.450816 0.006616 0.012457
0 0.209610 0.559923 0.031337 0.048540
0 0.186978 0.469072 0.006964 0.012027
0 0.114903 0.507517 0.023677 0.028780
0 0.407208 0.580756 0.044916 0.037801
0 0.224408 0.486684 0.011490 0.017182
