0 0.167187 0.339815 0.225000 0.544444
0 0.268490 0.308796 0.177604 0.452778
0 0.223698 0.193981 0.086458 0.346296
0 0.311719 0.180093 0.117188 0.321296
0 0.360156 0.169444 0.114583 0.280556
0 0.414583 0.134259 0.097917 0.226852
0 0.555469 0.157870 0.083854 0.181481
0 0.603646 0.228241 0.099479 0.223148
0 0.641927 0.224537 0.066146 0.181481
0 0.696354 0.288426 0.073958 0.209259
0 0.715885 0.321759 0.113021 0.253704
0 0.735156 0.496296 0.178125 0.409259
0 0.802083 0.384259 0.077604 0.244444
0 0.802083 0.484259 0.109896 0.336111
0 0.861719 0.443056 0.082812 0.262963
0 0.801042 0.642130 0.235417 0.519444
