0 0.137500 0.136111 0.171875 0.272222
0 0.194271 0.237037 0.211979 0.466667
0 0.307812 0.584259 0.326562 0.699074
0 0.409115 0.437963 0.196875 0.478704
0 0.317708 0.099074 0.111458 0.198148
0 0.541146 0.204167 0.084375 0.194444
0 0.553646 0.237037 0.102604 0.223148
0 0.589063 0.228704 0.077604 0.189815
0 0.597917 0.288426 0.098958 0.231481
0 0.625260 0.335648 0.103125 0.243519
0 0.640365 0.390741 0.140625 0.297222
0 0.701823 0.558796 0.191146 0.392593
0 0.710938 0.465741 0.130729 0.295370
0 0.754167 0.542593 0.153125 0.349074
0 0.849740 0.785185 0.206771 0.429630
0 0.931510 0.780556 0.136979 0.388889
0 0.242969 0.098611 0.142187 0.197222
