0 0.093073 0.298204 0.165932 0.418407
0 0.185760 0.246352 0.126109 0.336935
0 0.832969 0.670463 0.264375 0.659074
0 0.710589 0.483870 0.186276 0.519296
0 0.804521 0.416278 0.089135 0.432269
0 0.286937 0.177694 0.082901 0.249444
0 0.310630 0.142639 0.061552 0.211019
0 0.132646 0.209352 0.048625 0.292778
0 0.527792 0.191713 0.081109 0.242491
0 0.468422 0.139398 0.066536 0.189722
0 0.569854 0.174352 0.050917 0.207769
0 0.644583 0.215333 0.062078 0.241556
0 0.664760 0.248204 0.094625 0.277667
0 0.042286 0.704296 0.081448 0.189546
