0 0.407181 0.418056 0.012234 0.032407
0 0.357447 0.459722 0.021277 0.049074
0 0.431649 0.395370 0.009043 0.022222
0 0.167553 0.628241 0.062766 0.130556
0 0.443883 0.384259 0.005851 0.016667
0 0.452394 0.376852 0.004787 0.012963
0 0.457979 0.372222 0.003191 0.011111
0 0.461702 0.369444 0.003191 0.009259
0 0.580851 0.416204 0.012766 0.032407
0 0.551596 0.393519 0.008511 0.020370
0 0.634309 0.456481 0.021809 0.050000
0 0.535106 0.381481 0.005319 0.014815
0 0.841755 0.625926 0.049468 0.127778
0 0.526596 0.375926 0.005319 0.012963
0 0.520479 0.371759 0.004787 0.012037
0 0.515160 0.368519 0.002660 0.009259
0 0.511436 0.366667 0.002660 0.009259
0 0.118883 0.626852 0.088830 0.231481
0 0.880053 0.619907 0.086702 0.232407
