0 0.189359 0.388231 0.104911 0.310843
0 0.128349 0.360454 0.076635 0.279102
0 0.232141 0.335981 0.059526 0.230157
0 0.273438 0.413361 0.087052 0.326722
0 0.262276 0.322093 0.046875 0.199731
0 0.334823 0.453704 0.125000 0.367722
0 0.495161 0.331352 0.055802 0.162694
0 0.468005 0.320102 0.044641 0.153435
0 0.530505 0.481481 0.096724 0.373019
0 0.595984 0.589944 0.172620 0.526454
0 0.769344 0.448417 0.110120 0.288361
0 0.956844 0.522491 0.086307 0.354500
0 0.717635 0.401454 0.070682 0.231481
0 0.694943 0.291009 0.028276 0.074074
0 0.655880 0.382278 0.043901 0.224870
