0 0.347606 0.458796 0.022872 0.054630
0 0.342553 0.356019 0.006383 0.013889
0 0.401596 0.357407 0.006383 0.012963
0 0.464096 0.359722 0.005851 0.015741
0 0.503989 0.417130 0.016489 0.037963
0 0.511436 0.360648 0.005851 0.013889
0 0.578457 0.365741 0.005851 0.016667
0 0.583777 0.393519 0.011170 0.027778
0 0.609043 0.369444 0.008511 0.018519
0 0.634574 0.379167 0.009574 0.023148
0 0.640957 0.371296 0.007447 0.018519
0 0.650798 0.374537 0.009043 0.021296
0 0.334043 0.350926 0.005319 0.011111
0 0.410106 0.353241 0.005319 0.012037
0 0.493883 0.355093 0.005851 0.013889
0 0.556383 0.356944 0.005319 0.013889
0 0.625798 0.360648 0.006915 0.015741
0 0.691489 0.365278 0.007447 0.017593
0 0.760372 0.373611 0.007979 0.021296
0 0.743617 0.426389 0.020213 0.043519
0 0.757713 0.481481 0.029255 0.064815
0 0.804787 0.378704 0.009574 0.022222
0 0.818617 0.386574 0.010638 0.026852
0 0.814362 0.405556 0.013830 0.029630
0 0.449468 0.365278 0.015957 0.015741
0 0.905585 0.383333 0.013298 0.018519
0 0.912500 0.378241 0.015426 0.019444
