0 0.107979 0.556944 0.044681 0.093519
0 0.096277 0.480556 0.026596 0.057407
0 0.082447 0.445833 0.015957 0.041667
0 0.080319 0.416667 0.011702 0.033333
0 0.142287 0.379167 0.011170 0.012037
0 0.561436 0.399074 0.013298 0.014815
0 0.611968 0.406019 0.016489 0.019444
0 0.729255 0.423611 0.021277 0.026852
0 0.150000 0.395370 0.010638 0.024074
0 0.225532 0.403241 0.009574 0.026852
0 0.269415 0.417130 0.012234 0.032407
0 0.360372 0.443981 0.018617 0.043519
0 0.543085 0.505556 0.030851 0.072222
0 0.847074 0.665278 0.075000 0.150926
