0 0.334043 0.502778 0.025532 0.057407
0 0.740160 0.562037 0.040957 0.085185
0 0.652660 0.499074 0.024468 0.055556
0 0.610638 0.463889 0.017021 0.040741
0 0.371809 0.466667 0.018085 0.042593
0 0.588830 0.444907 0.014894 0.034259
0 0.260904 0.570833 0.038830 0.084259
0 0.568085 0.431481 0.011702 0.029630
0 0.394415 0.447222 0.014362 0.033333
0 0.554521 0.421296 0.009043 0.024074
0 0.419415 0.422685 0.009043 0.023148
0 0.408777 0.431481 0.011170 0.027778
0 0.423670 0.415741 0.005851 0.020370
0 0.430053 0.407407 0.007979 0.018519
0 0.436170 0.402315 0.006383 0.017593
0 0.532979 0.402778 0.006383 0.018519
0 0.537500 0.407870 0.006915 0.019444
0 0.543883 0.415278 0.007979 0.021296
0 0.461436 0.392593 0.007979 0.025926
0 0.502128 0.392593 0.007447 0.025926
0 0.481649 0.392593 0.006915 0.025926
0 0.439362 0.392593 0.007447 0.025926
0 0.524734 0.392593 0.006915 0.025926
