0 0.102128 0.408333 0.019149 0.038889
0 0.738830 0.347685 0.009574 0.017593
0 0.420745 0.385185 0.011702 0.031481
0 0.624734 0.411574 0.016489 0.041667
0 0.108245 0.356944 0.007979 0.019444
0 0.279787 0.398611 0.015957 0.036111
0 0.355319 0.358333 0.008511 0.018519
0 0.270479 0.356481 0.006915 0.018519
0 0.462234 0.376852 0.009574 0.022222
0 0.564096 0.360185 0.005851 0.016667
0 0.417287 0.363889 0.006915 0.020370
0 0.851862 0.344444 0.006915 0.016667
0 0.642287 0.352778 0.006915 0.016667
0 0.768617 0.351389 0.010638 0.021296
0 0.611170 0.381481 0.011702 0.029630
0 0.726596 0.392130 0.015957 0.036111
0 0.390957 0.412963 0.015957 0.044444
0 0.630053 0.361574 0.007979 0.019444
0 0.690957 0.355556 0.008511 0.020370
0 0.090957 0.351389 0.008511 0.021296
0 0.468617 0.358796 0.006383 0.017593
0 0.572872 0.377778 0.007447 0.020370
0 0.585904 0.368981 0.006915 0.021296
0 0.398138 0.354630 0.005851 0.016667
0 0.859309 0.349074 0.006915 0.018519
0 0.685638 0.456944 0.030851 0.065741
0 0.335904 0.455093 0.026064 0.062037
0 0.551862 0.356019 0.005851 0.015741
0 0.547074 0.349537 0.004787 0.013889
0 0.542819 0.343981 0.004787 0.012037
0 0.537234 0.338889 0.004255 0.012963
0 0.531915 0.337500 0.004255 0.012037
0 0.518617 0.336574 0.004255 0.012037
0 0.503457 0.337037 0.003723 0.011111
0 0.488830 0.337037 0.004255 0.011111
0 0.475798 0.356481 0.004787 0.014815
0 0.475266 0.350000 0.004787 0.011111
0 0.454255 0.371759 0.012766 0.039815
0 0.463298 0.366667 0.009574 0.035185
0 0.580585 0.371296 0.010106 0.038889
0 0.573404 0.365741 0.008511 0.035185
