0 0.114032 0.711340 0.077646 0.091924
0 0.354283 0.559708 0.018454 0.022337
0 0.362465 0.543600 0.011142 0.015893
0 0.396588 0.533935 0.009053 0.012887
0 0.454039 0.570232 0.019499 0.028780
0 0.441678 0.528136 0.006616 0.010739
0 0.521065 0.524270 0.006616 0.009880
0 0.587047 0.522337 0.006267 0.009450
0 0.618558 0.613832 0.033774 0.051546
0 0.661560 0.549828 0.014624 0.023196
0 0.641191 0.522981 0.005919 0.009880
0 0.686455 0.523840 0.006616 0.011598
0 0.740599 0.525558 0.008357 0.012457
0 0.058148 0.571091 0.018802 0.025344
0 0.254875 0.550473 0.013928 0.018471
0 0.462396 0.539089 0.011142 0.016323
0 0.496344 0.574957 0.022632 0.033076
0 0.649373 0.540593 0.013231 0.018471
0 0.826253 0.543600 0.016017 0.022766
0 0.943593 0.550902 0.014624 0.027921
0 0.125000 0.593857 0.024373 0.036512
0 0.593663 0.860825 0.117688 0.157216
0 0.245299 0.555842 0.016365 0.020619
0 0.428969 0.542741 0.011838 0.016753
0 0.547006 0.538015 0.010446 0.015893
0 0.648677 0.566366 0.019499 0.030498
0 0.808496 0.604811 0.038997 0.052405
