0 0.378134 0.352717 0.016017 0.059783
0 0.284645 0.342935 0.012187 0.048913
0 0.447423 0.392391 0.021588 0.082609
0 0.175836 0.350543 0.011838 0.046739
0 0.462396 0.516304 0.034819 0.139130
0 0.673747 0.335870 0.020891 0.071739
0 0.288823 0.287500 0.007312 0.027174
0 0.524025 0.306522 0.015320 0.050000
0 0.385620 0.304891 0.011490 0.040217
0 0.231198 0.294022 0.006267 0.025000
0 0.096971 0.342935 0.010794 0.038043
0 0.897284 0.458152 0.044568 0.135870
0 0.062674 0.327174 0.006964 0.028261
0 0.144847 0.316848 0.009053 0.029348
0 0.248433 0.317935 0.010097 0.035870
0 0.202820 0.312500 0.008705 0.029348
