0 0.760620 0.604596 0.036560 0.051976
0 0.418698 0.521478 0.017758 0.014605
0 0.378830 0.500215 0.007660 0.012457
0 0.360028 0.493127 0.006267 0.010309
0 0.222319 0.499356 0.009401 0.014175
0 0.180188 0.526847 0.019150 0.025344
0 0.508357 0.543814 0.021588 0.022337
0 0.426010 0.510309 0.009401 0.016323
0 0.370474 0.507302 0.010446 0.015464
0 0.342096 0.496349 0.007312 0.011598
0 0.205084 0.513746 0.013231 0.019759
0 0.113162 0.544888 0.032033 0.024485
0 0.093141 0.503866 0.013579 0.017182
0 0.464311 0.565507 0.024025 0.027921
