0 0.339894 0.531481 0.041489 0.087037
0 0.622606 0.428241 0.018617 0.043519
0 0.689894 0.405093 0.014894 0.034259
0 0.706915 0.387963 0.011702 0.027778
0 0.677926 0.379167 0.009043 0.023148
0 0.656383 0.373611 0.007447 0.019444
0 0.648670 0.368056 0.006915 0.017593
0 0.664096 0.363889 0.005851 0.016667
0 0.696277 0.356944 0.005319 0.013889
0 0.719149 0.351389 0.004255 0.012037
0 0.867553 0.564352 0.050000 0.104630
0 0.903989 0.400463 0.015426 0.032407
0 0.844947 0.385185 0.011170 0.025926
0 0.781649 0.376852 0.009043 0.024074
0 0.759840 0.370370 0.007979 0.020370
0 0.746809 0.364815 0.005319 0.016667
0 0.768617 0.357870 0.005319 0.015741
0 0.783511 0.352778 0.005319 0.012963
0 0.792287 0.348611 0.004787 0.013889
0 0.799202 0.347222 0.003723 0.012963
