0 0.716755 0.409722 0.014362 0.015741
0 0.790691 0.415278 0.018617 0.019444
0 0.828191 0.381019 0.006383 0.015741
0 0.914628 0.396296 0.009043 0.022222
0 0.899468 0.384722 0.008511 0.019444
0 0.458777 0.400463 0.007979 0.010185
0 0.919415 0.388426 0.009043 0.019444
0 0.759309 0.381481 0.004787 0.012963
0 0.655851 0.404630 0.011702 0.012963
0 0.680319 0.382407 0.004255 0.011111
0 0.557979 0.400000 0.006383 0.012963
0 0.605053 0.381944 0.003723 0.010185
0 0.390957 0.400000 0.006383 0.007407
0 0.555585 0.382870 0.003723 0.010185
0 0.331649 0.400000 0.004787 0.009259
0 0.193617 0.511574 0.028723 0.062037
0 0.521543 0.538889 0.043085 0.083333
0 0.151064 0.413426 0.019149 0.017593
