0 0.090104 0.712500 0.180208 0.575000
0 0.155208 0.562037 0.156250 0.489815
0 0.765625 0.469444 0.169271 0.483333
0 0.653646 0.360648 0.143750 0.384259
0 0.178125 0.295833 0.095833 0.291667
0 0.215104 0.201389 0.085938 0.231481
0 0.131510 0.356481 0.113021 0.336111
0 0.348438 0.105093 0.066667 0.162037
0 0.425521 0.148611 0.078125 0.206481
0 0.451302 0.120833 0.051562 0.175926
0 0.559896 0.169907 0.089063 0.233333
0 0.522917 0.148611 0.046354 0.211111
0 0.628646 0.178704 0.057813 0.242593
0 0.713802 0.286111 0.081771 0.329630
