0 0.257979 0.540741 0.041489 0.083333
0 0.393883 0.458796 0.019681 0.045370
0 0.426064 0.425926 0.013830 0.033333
0 0.438830 0.407407 0.010638 0.024074
0 0.387500 0.396759 0.009043 0.019444
0 0.355053 0.392130 0.006915 0.017593
0 0.343617 0.385648 0.005319 0.015741
0 0.876330 0.398611 0.010106 0.021296
0 0.807447 0.390741 0.008511 0.018519
0 0.719947 0.381944 0.006915 0.013889
0 0.659840 0.377778 0.006915 0.014815
0 0.600266 0.374537 0.005851 0.012037
0 0.455851 0.385185 0.007447 0.016667
0 0.464096 0.382870 0.006915 0.013889
0 0.496543 0.388426 0.007979 0.017593
0 0.509043 0.380556 0.006383 0.014815
0 0.560106 0.394907 0.009574 0.021296
0 0.555053 0.380093 0.005851 0.015741
0 0.591755 0.381944 0.006915 0.015741
0 0.626862 0.404630 0.011170 0.025926
0 0.637234 0.387037 0.007447 0.016667
0 0.791489 0.546759 0.044681 0.087963
0 0.755053 0.462500 0.023936 0.049074
0 0.861436 0.416204 0.014362 0.030556
0 0.746011 0.404167 0.011170 0.025000
0 0.686436 0.424537 0.015426 0.032407
0 0.684309 0.393981 0.009043 0.021296
