0 0.073760 0.308519 0.138833 0.375259
0 0.205109 0.214657 0.090198 0.289407
0 0.274255 0.276630 0.103490 0.323843
0 0.306953 0.187148 0.050823 0.255981
0 0.347599 0.146519 0.057469 0.211769
0 0.463182 0.141898 0.057729 0.196343
0 0.542885 0.140870 0.069568 0.200454
0 0.583250 0.123130 0.040917 0.174231
0 0.502812 0.471537 0.150875 0.460574
0 0.598000 0.341944 0.105141 0.355704
0 0.738891 0.492630 0.178594 0.471880
0 0.717490 0.332694 0.090646 0.337194
0 0.907859 0.175324 0.079026 0.189130
0 0.845948 0.215954 0.048953 0.221000
