0 0.095573 0.104630 0.128646 0.209259
0 0.157292 0.342130 0.289062 0.644444
0 0.346354 0.488426 0.288542 0.664815
0 0.204427 0.130093 0.155729 0.260185
0 0.275000 0.116204 0.120833 0.232407
0 0.364583 0.130093 0.116667 0.260185
0 0.511979 0.214815 0.110417 0.269444
0 0.524479 0.540278 0.251563 0.596296
0 0.597656 0.476389 0.176042 0.479630
0 0.619271 0.275463 0.112500 0.256481
0 0.694010 0.304167 0.092188 0.242593
0 0.741927 0.528241 0.192708 0.450000
0 0.870833 0.563426 0.180208 0.408333
0 0.907292 0.539815 0.156771 0.358333
