0 0.382181 0.471759 0.015426 0.036111
0 0.399202 0.456019 0.011170 0.028704
0 0.350000 0.500000 0.021277 0.048148
0 0.286968 0.553704 0.033511 0.072222
0 0.105319 0.727778 0.061702 0.150000
0 0.411170 0.442593 0.009574 0.024074
0 0.418351 0.435185 0.007979 0.020370
0 0.424734 0.428704 0.006915 0.016667
0 0.430319 0.425463 0.006383 0.015741
0 0.690691 0.541667 0.032447 0.074074
0 0.621277 0.491204 0.021277 0.049074
0 0.584574 0.468056 0.015957 0.037963
0 0.561436 0.453241 0.013298 0.030556
0 0.546277 0.441667 0.010638 0.025926
0 0.907713 0.712963 0.034574 0.151852
0 0.534309 0.434722 0.009043 0.023148
0 0.525266 0.428704 0.007979 0.018519
0 0.519947 0.424537 0.006915 0.017593
