0 0.230585 0.640278 0.071809 0.132407
0 0.338830 0.513426 0.032979 0.073148
0 0.348670 0.469907 0.017553 0.050926
0 0.304255 0.444444 0.017021 0.040741
0 0.201862 0.429630 0.016489 0.035185
0 0.138830 0.372685 0.004255 0.013889
0 0.223936 0.372685 0.005319 0.012037
0 0.301064 0.370833 0.004255 0.012037
0 0.392819 0.369444 0.004787 0.011111
0 0.457979 0.370370 0.004255 0.009259
0 0.800000 0.395833 0.009574 0.021296
0 0.690691 0.384722 0.007979 0.019444
0 0.623404 0.378241 0.005319 0.015741
0 0.582447 0.375463 0.005319 0.012037
0 0.511702 0.372222 0.004255 0.011111
0 0.193617 0.394907 0.010638 0.025000
0 0.152394 0.381944 0.009043 0.021296
0 0.137500 0.389352 0.009043 0.021296
0 0.273138 0.400000 0.011170 0.024074
0 0.235904 0.377315 0.006915 0.015741
0 0.306915 0.375000 0.006383 0.014815
0 0.382447 0.407870 0.012766 0.028704
0 0.408777 0.375463 0.005851 0.015741
0 0.450532 0.378704 0.006383 0.016667
0 0.876596 0.444444 0.024468 0.044444
0 0.775532 0.462963 0.023404 0.051852
0 0.648670 0.433333 0.016489 0.038889
0 0.712766 0.414352 0.012766 0.030556
0 0.621277 0.400000 0.009574 0.024074
0 0.527926 0.417593 0.013298 0.033333
0 0.551862 0.388889 0.007979 0.020370
0 0.495479 0.382870 0.007979 0.017593
