0 0.239554 0.517182 0.009749 0.013746
0 0.323468 0.520619 0.009053 0.015464
0 0.343489 0.543814 0.014972 0.024914
0 0.403029 0.512672 0.008008 0.012457
0 0.133008 0.570017 0.024373 0.035223
0 0.517061 0.559708 0.025070 0.033505
0 0.575209 0.609536 0.033426 0.054983
0 0.562152 0.531787 0.010794 0.020619
0 0.594882 0.507517 0.006616 0.010739
0 0.634401 0.512027 0.008357 0.012887
0 0.666783 0.528780 0.013231 0.019759
0 0.709088 0.518256 0.010097 0.015893
0 0.752437 0.533076 0.015320 0.022337
0 0.871692 0.575816 0.030989 0.040808
0 0.177925 0.533935 0.015320 0.022337
0 0.439241 0.525988 0.012187 0.020189
0 0.446553 0.516753 0.009401 0.015464
0 0.489903 0.509665 0.007660 0.012457
0 0.529422 0.506229 0.005919 0.010739
0 0.670439 0.506443 0.006616 0.011168
0 0.685933 0.520833 0.010446 0.017612
0 0.709436 0.511383 0.008705 0.013316
0 0.739380 0.522337 0.011490 0.018041
0 0.819986 0.550473 0.022284 0.030498
0 0.801358 0.853308 0.126393 0.172251
0 0.114554 0.801976 0.107939 0.154639
0 0.388057 0.596864 0.029596 0.049399
0 0.552403 0.535868 0.014972 0.022766
0 0.581999 0.523625 0.011490 0.017182
0 0.587570 0.512027 0.007312 0.012887
0 0.614903 0.517826 0.009749 0.015034
0 0.646414 0.505155 0.006616 0.010309
0 0.663475 0.559708 0.023329 0.031787
0 0.719011 0.512887 0.009053 0.013746
0 0.843663 0.532861 0.014624 0.022766
