0 0.196277 0.417130 0.018085 0.037963
0 0.257181 0.449074 0.019681 0.050000
0 0.244415 0.556481 0.045213 0.094444
0 0.081383 0.413426 0.012766 0.036111
0 0.304255 0.366667 0.009574 0.012963
0 0.347074 0.368981 0.010106 0.013889
0 0.538564 0.393056 0.012234 0.015741
0 0.442819 0.377778 0.010106 0.012963
0 0.671809 0.403704 0.010638 0.018519
0 0.260904 0.363426 0.005851 0.010185
0 0.181649 0.359722 0.004787 0.010185
0 0.256649 0.391204 0.012234 0.028704
0 0.651330 0.491204 0.032447 0.067593
0 0.403723 0.406481 0.014894 0.031481
0 0.516489 0.435648 0.017021 0.041667
0 0.851862 0.673148 0.064362 0.157407
0 0.084043 0.389815 0.012766 0.031481
