0 0.818761 0.656700 0.026800 0.046898
0 0.960672 0.633436 0.020459 0.038847
0 0.118894 0.572600 0.019518 0.039230
0 0.008370 0.527950 0.016295 0.034021
0 0.077602 0.554306 0.019323 0.036318
0 0.008254 0.576986 0.016144 0.039786
0 0.187027 0.592483 0.020870 0.041347
0 0.040651 0.540401 0.017902 0.036455
0 0.869197 0.648704 0.025813 0.044289
0 0.685117 0.530969 0.014832 0.026405
0 0.810150 0.594282 0.016854 0.035001
0 0.264780 0.616518 0.021648 0.042703
0 0.619861 0.517392 0.012491 0.027306
0 0.322437 0.507580 0.011774 0.028237
0 0.854862 0.606334 0.020090 0.038579
0 0.307369 0.503223 0.011150 0.025729
0 0.640907 0.520524 0.013643 0.028039
0 0.369627 0.522237 0.012719 0.028090
0 0.670832 0.494216 0.009831 0.021345
0 0.353554 0.518198 0.013703 0.026977
0 0.404541 0.530198 0.014066 0.034204
0 0.158143 0.420421 0.008521 0.018886
0 0.290289 0.442708 0.007926 0.017544
0 0.294252 0.499051 0.011817 0.026236
0 0.280938 0.495321 0.011262 0.026067
0 0.094383 0.422150 0.007818 0.016747
0 0.700865 0.493991 0.010881 0.022200
0 0.580842 0.504627 0.011702 0.034417
0 0.423734 0.535674 0.013405 0.031356
0 0.661964 0.527757 0.015128 0.026251
0 0.337193 0.512879 0.012106 0.026816
0 0.016872 0.421073 0.009073 0.019452
0 0.387427 0.527005 0.012657 0.028201
0 0.543961 0.495768 0.012009 0.031111
0 0.177565 0.420138 0.007699 0.019359
0 0.915636 0.631694 0.024535 0.065170
0 0.439652 0.537941 0.013413 0.036784
0 0.282299 0.440022 0.007963 0.017453
0 0.685983 0.491406 0.009690 0.021980
0 0.118534 0.420446 0.007454 0.016154
0 0.561558 0.501273 0.011032 0.032790
0 0.725564 0.596375 0.017813 0.055342
