0 0.119603 0.730241 0.099930 0.127148
0 0.189589 0.545962 0.027507 0.037801
0 0.356546 0.518256 0.017409 0.015034
0 0.330606 0.498067 0.008705 0.015034
0 0.492862 0.530928 0.017061 0.024055
0 0.527681 0.504940 0.008008 0.013316
0 0.659123 0.501074 0.006267 0.009880
0 0.680536 0.509235 0.008008 0.013316
0 0.728238 0.533935 0.019847 0.015464
0 0.224582 0.511598 0.015320 0.023196
0 0.354979 0.581186 0.037953 0.049828
0 0.335306 0.533076 0.016713 0.025773
0 0.435759 0.546607 0.026114 0.022766
0 0.418524 0.506229 0.009749 0.015893
0 0.513579 0.518900 0.011838 0.018900
0 0.642235 0.504296 0.007312 0.012027
0 0.673224 0.516753 0.011490 0.016323
0 0.732939 0.521478 0.010446 0.017182
0 0.839485 0.564863 0.027855 0.025773
0 0.796135 0.588918 0.028900 0.033505
