0 0.389062 0.294907 0.085938 0.184259
0 0.319271 0.261574 0.085938 0.185185
0 0.256510 0.241667 0.081250 0.180556
0 0.199479 0.260648 0.088542 0.182407
0 0.306771 0.703241 0.248438 0.526852
0 0.333594 0.554167 0.140625 0.362963
0 0.582031 0.277778 0.119792 0.269444
0 0.648438 0.254167 0.110417 0.281481
0 0.679167 0.370833 0.150521 0.415741
0 0.727083 0.408796 0.203125 0.511111
0 0.838802 0.436111 0.290104 0.665741
0 0.830208 0.147685 0.120833 0.295370
0 0.751563 0.173611 0.100000 0.268519
0 0.180208 0.400463 0.067708 0.162037
