0 0.150521 0.584259 0.188542 0.494444
0 0.229167 0.467593 0.093755 0.346296
0 0.261458 0.426852 0.083333 0.305556
0 0.284375 0.389815 0.072917 0.261111
0 0.150521 0.209259 0.044792 0.151852
0 0.199479 0.091667 0.065625 0.161111
0 0.254688 0.102778 0.059375 0.168519
0 0.315625 0.165741 0.060417 0.164815
0 0.379167 0.238889 0.058333 0.159259
0 0.553125 0.350926 0.079167 0.238889
0 0.707292 0.673148 0.189583 0.624074
0 0.615630 0.569444 0.114589 0.494444
0 0.733854 0.354630 0.090625 0.264815
0 0.787500 0.373148 0.112500 0.290741
