0 0.082979 0.518056 0.017021 0.073148
0 0.095479 0.396759 0.009043 0.013889
0 0.196277 0.393519 0.008511 0.014815
0 0.309309 0.390278 0.007979 0.015741
0 0.454787 0.386111 0.007447 0.012963
0 0.614628 0.386111 0.006915 0.012963
0 0.920213 0.416204 0.009574 0.026852
0 0.681117 0.549074 0.046277 0.096296
0 0.413032 0.437037 0.017553 0.042593
0 0.259840 0.431481 0.016489 0.038889
0 0.496543 0.462037 0.025000 0.053704
0 0.912500 0.413889 0.010106 0.027778
0 0.906649 0.401389 0.006915 0.017593
0 0.902660 0.395370 0.006383 0.016667
0 0.898936 0.388889 0.005319 0.014815
0 0.894681 0.384722 0.004255 0.012037
0 0.907181 0.375463 0.003723 0.010185
0 0.884574 0.381019 0.004255 0.013889
0 0.858777 0.378241 0.003723 0.012037
0 0.856117 0.373148 0.002660 0.009259
