0 0.493617 0.425926 0.013830 0.035185
0 0.460638 0.458796 0.021277 0.049074
0 0.566755 0.399074 0.009043 0.022222
0 0.347872 0.587037 0.058511 0.111111
0 0.611170 0.392593 0.007447 0.020370
0 0.530851 0.408333 0.010638 0.025926
0 0.654255 0.384259 0.005319 0.014815
0 0.649202 0.388889 0.005851 0.014815
0 0.809574 0.441204 0.018085 0.037963
0 0.770745 0.415278 0.012766 0.028704
0 0.873404 0.414815 0.011702 0.029630
0 0.755053 0.400926 0.010106 0.022222
0 0.912234 0.488889 0.025532 0.059259
0 0.850532 0.402778 0.009574 0.024074
0 0.823404 0.383796 0.007447 0.017593
0 0.807447 0.391204 0.007447 0.019444
0 0.790957 0.394444 0.008511 0.020370
0 0.785638 0.386574 0.006383 0.017593
0 0.738564 0.382407 0.005851 0.016667
0 0.857447 0.395370 0.007447 0.018519
