0 0.230851 0.475463 0.026596 0.060185
0 0.414628 0.434259 0.017553 0.042593
0 0.570479 0.415741 0.013298 0.031481
0 0.612766 0.400000 0.010638 0.025926
0 0.637500 0.385648 0.007979 0.019444
0 0.642287 0.392593 0.009043 0.020370
0 0.872872 0.374074 0.006383 0.014815
0 0.784840 0.371759 0.005851 0.013889
0 0.601596 0.380093 0.007447 0.017593
0 0.560106 0.376852 0.006383 0.014815
0 0.515426 0.373611 0.005319 0.013889
0 0.468085 0.369907 0.005319 0.013889
0 0.460372 0.362500 0.003723 0.010185
0 0.441489 0.363889 0.004255 0.011111
0 0.426330 0.367593 0.004787 0.011111
0 0.481649 0.360648 0.004787 0.010185
0 0.490426 0.354630 0.003191 0.007407
0 0.516489 0.359722 0.004255 0.010185
0 0.531649 0.358333 0.003723 0.009259
0 0.725266 0.369444 0.004787 0.012963
0 0.716755 0.364352 0.003723 0.010185
0 0.698936 0.366204 0.005319 0.013889
0 0.703457 0.355093 0.002660 0.006481
0 0.685904 0.353241 0.001596 0.006481
0 0.694149 0.353704 0.002128 0.005556
0 0.715691 0.356944 0.002660 0.006481
0 0.726064 0.358333 0.003191 0.009259
0 0.728989 0.362500 0.002660 0.008333
0 0.730851 0.360185 0.003191 0.009259
0 0.518883 0.355556 0.002660 0.009259
0 0.536436 0.356481 0.002660 0.009259
0 0.539096 0.358796 0.002660 0.008333
0 0.467287 0.353704 0.002660 0.007407
0 0.474202 0.350926 0.002660 0.007407
0 0.783777 0.521759 0.036702 0.078704
0 0.845745 0.464352 0.024468 0.054630
0 0.863830 0.433796 0.018085 0.041667
0 0.842021 0.412963 0.013830 0.031481
0 0.817819 0.400000 0.011170 0.025926
0 0.814362 0.390741 0.008511 0.022222
0 0.838564 0.383796 0.007979 0.019444
0 0.877926 0.387963 0.009043 0.020370
0 0.905851 0.392130 0.009574 0.023148
0 0.777394 0.378241 0.006915 0.017593
0 0.759840 0.384259 0.007979 0.020370
0 0.716223 0.375926 0.006915 0.016667
0 0.697872 0.378241 0.006383 0.017593
0 0.528989 0.365741 0.005851 0.012963
0 0.503723 0.352315 0.003191 0.008333
0 0.507979 0.351389 0.003191 0.008333
0 0.549734 0.368519 0.005851 0.012963
0 0.547340 0.363889 0.004255 0.012963
0 0.568351 0.356019 0.003723 0.010185
0 0.583245 0.362500 0.003723 0.012037
0 0.592819 0.370370 0.004787 0.014815
0 0.594681 0.365741 0.004255 0.014815
0 0.597606 0.356481 0.003723 0.011111
0 0.604255 0.361111 0.004255 0.011111
0 0.623138 0.369444 0.005851 0.014815
0 0.615957 0.362963 0.004255 0.011111
0 0.613830 0.359259 0.003191 0.009259
0 0.620745 0.352315 0.003191 0.008333
0 0.631117 0.353704 0.002660 0.007407
0 0.647872 0.374537 0.005319 0.015741
0 0.655319 0.371296 0.006383 0.014815
0 0.520745 0.354167 0.002128 0.008333
0 0.541755 0.354167 0.002660 0.008333
0 0.538830 0.353241 0.003191 0.008333
0 0.845479 0.359722 0.003723 0.008333
