0 0.149199 0.325000 0.017758 0.069565
0 0.825209 0.321196 0.009053 0.033696
0 0.351671 0.460326 0.029944 0.122826
0 0.361072 0.361413 0.019499 0.075000
0 0.554492 0.286957 0.009401 0.034783
0 0.289694 0.292391 0.013231 0.050000
0 0.428969 0.323913 0.016713 0.056522
0 0.614554 0.310326 0.010446 0.040217
0 0.723538 0.320652 0.009053 0.036957
0 0.838614 0.338587 0.010097 0.038043
0 0.515146 0.309783 0.014276 0.047826
0 0.117514 0.294565 0.015669 0.056522
0 0.687500 0.300000 0.009401 0.032609
0 0.076428 0.253261 0.010794 0.041304
0 0.052925 0.229348 0.008357 0.032609
0 0.422180 0.282609 0.010097 0.041304
0 0.489206 0.616304 0.079387 0.336957
0 0.703343 0.703804 0.048747 0.288043
0 0.569986 0.739130 0.069638 0.215217
