0 0.250696 0.226630 0.006267 0.027174
0 0.933496 0.351087 0.006267 0.023913
0 0.252960 0.417935 0.028203 0.101087
0 0.132312 0.217935 0.006964 0.029348
0 0.181755 0.311957 0.015320 0.063043
0 0.641887 0.288043 0.005223 0.021739
0 0.363336 0.248913 0.007312 0.028261
0 0.417653 0.246739 0.004526 0.021739
0 0.829039 0.328804 0.004875 0.025000
0 0.258008 0.245109 0.007660 0.033696
0 0.478586 0.265217 0.005919 0.026087
0 0.605153 0.291304 0.005571 0.026087
0 0.184714 0.263587 0.011490 0.044565
0 0.873607 0.348370 0.007660 0.029348
0 0.730153 0.318478 0.006964 0.028261
0 0.488684 0.258152 0.005223 0.022826
0 0.562848 0.270652 0.004526 0.019565
0 0.735028 0.308696 0.004875 0.021739
0 0.349582 0.238043 0.005571 0.023913
0 0.554143 0.236413 0.001741 0.009783
0 0.526811 0.740217 0.061978 0.210870
0 0.247214 0.201087 0.002786 0.010870
0 0.295961 0.201087 0.002786 0.010870
0 0.267409 0.198913 0.002786 0.010870
0 0.241643 0.195652 0.002089 0.008696
0 0.254875 0.191304 0.001393 0.008696
0 0.251567 0.190217 0.001741 0.006522
0 0.050313 0.219565 0.003134 0.030435
0 0.559714 0.229891 0.001741 0.007609
0 0.298747 0.203804 0.002786 0.011957
0 0.283600 0.190761 0.001741 0.007609
0 0.569812 0.245652 0.002437 0.013043
0 0.325209 0.197826 0.001393 0.006522
0 0.327820 0.203804 0.002437 0.009783
0 0.279596 0.192391 0.001393 0.006522
0 0.331999 0.203261 0.001741 0.008696
0 0.509923 0.234783 0.001741 0.008696
0 0.552054 0.223370 0.001741 0.007609
0 0.250000 0.197283 0.002089 0.009783
0 0.736421 0.247826 0.001393 0.006522
0 0.320508 0.197283 0.001741 0.007609
0 0.532556 0.228804 0.001045 0.005435
0 0.247040 0.189674 0.001741 0.007609
0 0.298921 0.196196 0.001741 0.009783
0 0.268976 0.197826 0.002437 0.010870
0 0.336699 0.198913 0.002089 0.008696
0 0.238684 0.194565 0.002437 0.010870
