0 0.697946 0.292935 0.005223 0.025000
0 0.288823 0.373913 0.021240 0.086957
0 0.521240 0.273370 0.006267 0.027174
0 0.315808 0.263043 0.009053 0.036957
0 0.153726 0.265761 0.011490 0.044565
0 0.485898 0.289130 0.010097 0.039130
0 0.361421 0.302717 0.013231 0.053261
0 0.436804 0.266304 0.006616 0.030435
0 0.920613 0.330435 0.007660 0.028261
0 0.631616 0.300543 0.008357 0.035870
0 0.443593 0.667935 0.057799 0.211957
0 0.608983 0.282065 0.006267 0.027174
0 0.800313 0.327174 0.008705 0.034783
0 0.799791 0.309239 0.006267 0.027174
0 0.346274 0.213043 0.002437 0.013043
0 0.592618 0.228804 0.002089 0.007609
0 0.632486 0.236957 0.002437 0.008696
0 0.547876 0.238587 0.002437 0.009783
0 0.367514 0.219565 0.002437 0.010870
0 0.329213 0.205978 0.001741 0.005435
0 0.360550 0.210326 0.001741 0.007609
0 0.289868 0.199457 0.001741 0.007609
0 0.317201 0.215217 0.002786 0.013043
0 0.311107 0.211957 0.002437 0.010870
0 0.594359 0.237500 0.002089 0.009783
0 0.279074 0.211957 0.002437 0.010870
0 0.620648 0.229348 0.001741 0.008696
0 0.563022 0.227717 0.001393 0.007609
0 0.306929 0.202717 0.001741 0.007609
0 0.627437 0.223370 0.001393 0.007609
0 0.259053 0.215761 0.002089 0.011957
0 0.374478 0.205435 0.001741 0.008696
0 0.357591 0.207065 0.002089 0.007609
0 0.336003 0.207065 0.001393 0.007609
0 0.614032 0.225543 0.001045 0.007609
0 0.376393 0.213043 0.002089 0.008696
0 0.760620 0.236957 0.001741 0.006522
0 0.598538 0.222826 0.001393 0.006522
0 0.346797 0.200543 0.001393 0.005435
0 0.571205 0.222826 0.001045 0.006522
0 0.314763 0.200543 0.001393 0.005435
0 0.558844 0.226087 0.001393 0.006522
0 0.623433 0.226087 0.001741 0.008696
0 0.377263 0.210326 0.001045 0.005435
0 0.311978 0.202717 0.001393 0.007609
