0 0.167305 0.582065 0.055362 0.190217
0 0.794568 0.272826 0.002786 0.010870
0 0.893280 0.290761 0.003134 0.011957
0 0.942201 0.301630 0.002786 0.011957
0 0.678969 0.251630 0.002089 0.009783
0 0.950209 0.301087 0.002089 0.013043
0 0.840877 0.281522 0.002786 0.010870
0 0.752786 0.265217 0.002786 0.010870
0 0.714136 0.258152 0.002786 0.009783
0 0.646936 0.245652 0.002089 0.008696
0 0.616643 0.240761 0.002089 0.007609
0 0.880571 0.290761 0.002786 0.011957
0 0.826602 0.280978 0.002786 0.011957
0 0.778203 0.271739 0.002786 0.010870
0 0.733983 0.263587 0.002786 0.009783
0 0.694116 0.255978 0.002437 0.009783
0 0.657556 0.249457 0.002437 0.009783
0 0.624130 0.244022 0.002437 0.009783
0 0.592792 0.238043 0.001741 0.006522
0 0.590181 0.235326 0.001393 0.011957
0 0.595404 0.236413 0.002089 0.011957
0 0.614032 0.238587 0.001741 0.009783
0 0.619255 0.239130 0.001741 0.010870
